1 0.54207 -0.06462 0.15272 0.15709 -0.20667 0.02214 -0.01593 -0.09041 0.02112 0.0233 0.05142 -0.06641 0.00437 -0.00075 0.05544 -0.03439 0.00055 -0.01093 -0.02613 0.02619
0 0.2449 -0.25656 -0.23659 -0.20138 0.26462 0.22438 0.18934 -0.22159 0.15709 0.02504 -0.02116 0.074 0.02366 0.02267 -0.00049 -0.01274 0.07254 -0.07334 -0.00668 -0.07289
0 0.07573 0.29949 0.09941 0.1273 0.08472 0.18007 0.11765 0.15343 0.16166 -0.08063 -0.01037 -0.03588 -0.1149 0.03037 -0.07038 0.00882 0.15763 -0.0106 -0.05921 -0.04081
1 -0.37543 0.08084 0.43929 -0.11619 0.21407 0.08844 -0.16734 -0.28094 -0.16484 0.01597 0.04047 -0.05101 -0.08751 -0.10579 0.00267 -0.07687 -0.10082 -0.00029 0.04748 0.05165
0 -0.48023 -0.17011 -0.1626 0.41773 -0.04342 -0.18107 0.23243 -0.12491 -0.10148 -0.02187 -0.09803 0.15187 -0.0787 -0.2951 -0.01439 -0.02045 0.02749 -0.19047 -0.18419 0.22467
0 -0.1827 -0.37296 0.24197 -0.37876 -0.20046 -0.20202 -0.01788 0.05637 0.09953 -0.07481 -0.14036 0.06851 0.0861 -0.08245 -0.05455 0.00944 0.03892 0.04475 -0.12639 -0.16712
0 0.01471 -0.43886 -0.02014 -0.37962 0.15012 -0.22139 0.0548 0.06718 0.1486 -0.01448 -0.07459 0.12321 0.06043 -0.01581 -0.01897 -0.03188 0.04387 -0.07733 0.0698 -0.06187
1 -0.18325 0.19647 -0.23547 -0.00687 -0.02616 0.14053 -0.05567 -0.04223 0.2103 -0.10448 0.04842 0.17651 -0.10862 0.06518 0.29135 -0.00447 -0.13483 0.03286 -0.05618 -0.03594
0 -0.42125 -0.14324 -0.00562 0.21004 0.04109 -0.19046 -0.06745 -0.27262 0.0686 -0.00078 -0.25689 0.03025 -0.12241 -0.17753 -0.10793 0.07783 -0.02209 -0.08995 -0.23416 0.21404
0 -0.2999 0.08869 0.01278 -0.04602 0.06733 0.16527 -0.13062 -0.13212 0.03694 0.10633 -0.06104 0.00766 -0.17353 -0.00176 -0.02838 -0.08238 0.24086 0.03278 -0.09724 -0.17224
1 0.1976 -0.25352 -0.2447 -0.27557 0.22816 -0.13839 0.05353 -0.05926 0.13057 0.09772 -0.05257 0.11943 -0.14012 0.02223 -0.05759 -0.12382 0.05772 -0.09049 0.07313 -0.1215
1 0.4701 -0.14317 0.13731 0.15932 -0.29773 0.08431 -0.04291 -0.11125 0.00601 -0.0243 0.03352 0.00205 -0.05728 0.029 0.02542 0.05559 -0.02996 0.06735 -0.03222 0.06027
1 0.36616 -0.14714 0.09684 0.08876 -0.28101 -0.20466 -0.15521 0.0298 -0.01114 0.03422 -0.02963 0.07431 -0.19086 0.07588 -0.04956 -0.03844 -0.05548 0.04262 0.0253 -0.00456
1 -0.20173 0.08975 0.48048 -0.02587 0.17607 0.05969 0.00287 0.01471 -0.11204 -0.17835 0.14432 -0.05642 -0.10911 0.21586 -0.08322 0.07383 -0.01243 0.03905 -0.03471 0.08367
0 -0.23729 0.18549 -0.41169 -0.06354 -0.12273 -0.01086 -0.20074 0.01354 0.22232 -0.13646 0.33657 0.08093 -0.10433 0.03825 0.12314 -0.1393 -0.06805 -0.01142 -0.05487 0.01345
1 -0.31653 -0.23187 0.14235 -0.20608 -0.1742 -0.11275 -0.11752 0.13658 0.01701 -0.05789 -0.09757 0.05075 0.06877 -0.18483 0.01755 0.11788 -0.03465 0.07029 -0.04735 -0.0597
0 0.08094 -0.21709 -0.22711 -0.3329 0.20622 0.07269 0.10355 0.01534 -0.11515 -0.07727 -0.0552 0.11869 0.04478 0.10226 -0.06792 -0.03407 -0.07281 -0.09783 0.16138 0.09575
0 0.42122 -0.23678 -0.15143 0.03974 0.25309 -0.25281 -0.15099 0.15594 -0.03757 0.13162 0.05126 -0.03536 -0.14444 -0.03859 -0.03871 -0.07242 -0.01702 0.04679 -0.00136 -0.05481
0 0.13981 0.34884 0.32289 0.05545 0.08462 0.04388 0.19986 0.23289 0.19105 -0.16519 0.00932 -0.02645 -0.09637 0.0274 -0.02353 -0.0409 0.06504 -0.03715 -0.02178 0.08778
1 -0.3924 -0.223 0.05751 -0.02478 -0.20009 0.36012 0.04668 0.37368 -0.01125 0.45339 0.02945 -0.06727 0.02439 0.07807 -0.029 -0.03175 -0.07337 -0.04788 -0.01951 0.06788
0 -0.25972 0.05154 0.12514 0.04534 0.04074 0.17808 0.08878 0.15078 -0.06534 -0.04715 0.10966 0.0053 -0.06592 0.24197 -0.04613 0.07134 -0.00405 0.07432 0.03274 0.01137
0 -0.24619 0.18097 -0.43507 0.01843 -0.13975 0.02954 -0.25162 0.04221 0.23134 -0.19852 0.41655 0.03615 0.08363 -0.07752 -0.2751 -0.11386 -0.04687 -0.02875 -0.03268 0.01669
0 -0.11418 0.51396 -0.22886 -0.26031 -0.05139 -0.20672 0.03391 -0.1698 -0.13364 0.23473 0.06917 -0.01196 0.27648 0.04147 0.05353 -0.04736 0.0254 0.11018 -0.0991 0.041
0 -0.03743 0.48458 -0.3437 -0.32571 -0.12919 -0.12542 0.2519 -0.03214 -0.12495 0.00943 0.0328 -0.25625 0.0089 -0.00184 -0.04252 0.11243 -0.05135 0.02087 -0.0435 0.06725
0 0.22057 0.43167 0.29697 0.08823 0.07542 0.01766 0.20634 0.26359 0.17758 -0.12631 -0.03732 0.03849 -0.08338 -0.04623 -0.01328 -0.02265 0.02373 -0.0446 0.0072 0.07711
0 -0.16211 0.12408 0.34463 -0.29136 0.06468 0.13014 0.20563 0.06307 0.1586 -0.11443 -0.02373 -0.09001 -0.17602 -0.11064 -0.02488 -0.18313 0.02724 0.12983 -0.04611 -0.01375
1 0.48297 -0.07172 0.02052 0.13867 -0.2763 0.20169 0.01061 -0.17077 -0.10001 -0.05393 0.02731 -0.02628 -0.03781 -0.00464 0.00778 0.05802 0.07294 0.02609 -0.07649 -0.00691
1 -0.13536 0.43037 -0.30326 -0.1438 -0.08263 -0.09028 0.02587 -0.1082 -0.11671 0.11962 0.08093 -0.10993 0.34734 0.01719 -0.03387 0.02265 0.00367 0.04087 -0.08225 0.06913
0 -0.2909 -0.15811 -0.02938 -0.0783 -0.20427 0.40292 0.01006 0.27015 0.06396 0.41371 -0.07111 0.02165 -0.05515 0.07705 -0.05716 -0.03471 -0.01596 -0.09533 -0.11225 0.02634
0 0.24447 -0.32707 -0.11203 -0.18277 0.23663 0.14829 0.15777 -0.10743 0.08831 -0.03344 0.06407 -0.04026 0.16716 0.06597 0.04082 0.00077 0.00141 -0.08009 0.1121 0.16575
0 -0.08652 0.17656 -0.30904 -0.2335 -0.03352 -0.0836 0.13799 0.092 -0.02263 -0.07546 -0.05769 -0.16103 -0.33228 -0.0383 -0.01662 0.30317 -0.03213 -0.11245 0.11118 -0.09495
0 -0.20706 0.06441 -0.1446 0.13555 -0.04276 -0.066 -0.27184 -0.03841 0.09654 0.11701 -0.16624 0.12565 -0.07591 0.08226 -0.00524 0.14237 0.50597 0.24034 0.24581 0.22217
0 0.2156 0.45366 0.29096 0.1479 0.12481 0.0276 0.1552 0.16264 0.20462 -0.06427 -0.0608 0.03934 -0.00166 -0.04748 -0.03571 -0.04262 0.02841 -0.01979 0.0219 0.00232
0 0.03161 0.52585 0.16476 0.06027 0.1342 -0.0658 -0.04614 0.00014 -0.08018 0.1559 -0.05841 0.28898 0.27049 0.05178 0.05159 0.07087 0.0517 -0.09383 -0.03426 -0.09333
0 -0.48771 -0.25344 -0.06959 0.38066 -0.04186 -0.09903 0.40055 -0.00816 -0.06846 0.02502 0.08478 0.02301 0.05307 -0.04151 0.06238 -0.13219 -0.03321 0.12958 0.11368 -0.04282
0 0.52066 -0.01655 0.18353 0.15889 -0.20921 0.00684 -0.0213 -0.08954 0.03071 0.0341 0.04466 -0.06446 0.02753 -0.0065 0.06733 -0.0391 0.02092 -0.03239 -0.02396 0.01882
0 0.42664 -0.13445 -0.22218 0.17677 0.22945 0.15384 -0.05063 -0.03244 -0.04272 0.04574 0.04293 -0.14444 0.07099 -0.22393 0.02663 0.05007 0.00226 0.13932 -0.01321 -0.10163
0 0.52919 -0.08212 0.17894 0.14656 -0.20744 0.01395 -0.01632 -0.07927 0.01138 0.01137 0.05679 -0.06549 0.00922 0.02443 0.04975 -0.01905 0.00997 -0.01337 -0.04718 0.03015
1 -0.35337 0.13702 0.36011 -0.16454 0.19279 0.06986 -0.20146 -0.26165 -0.24275 0.03158 0.04761 0.03304 -0.03941 -0.08235 0.02772 -0.01461 -0.11863 -0.00069 0.05459 0.04682
0 0.25505 -0.19749 -0.30479 -0.30099 0.26609 0.16668 0.18657 -0.18655 0.01651 0.03204 0.00332 0.16724 -0.03649 0.01851 -0.03522 -0.04371 0.06009 -0.14944 0.08114 -0.04457
0 -0.27537 0.03215 -0.22414 0.08952 -0.0571 0.02524 -0.21757 -0.05855 0.17698 -0.0247 -0.05984 0.10609 -0.11731 0.04431 0.25063 0.02203 0.06803 0.06076 0.00625 0.06755
0 -0.28077 0.13312 -0.39648 0.07121 -0.13005 0.06866 -0.30665 0.03074 0.22789 -0.20127 0.39293 0.07053 0.19742 -0.0903 -0.35225 -0.11758 -0.00288 -0.0312 -0.04464 0.00548
0 -0.40536 0.05208 0.28995 -0.11701 0.12463 0.22084 -0.16971 -0.08119 -0.0962 0.11055 0.03426 -0.10536 -0.16572 -0.13547 -0.04285 -0.14708 0.15746 0.01694 -0.03029 -0.16821
0 0.50027 -0.21461 -0.14831 0.13816 0.27426 0.04996 -0.0507 0.00622 -0.00901 0.07802 0.09288 -0.11982 0.02901 -0.14607 0.03626 0.04311 0.00345 0.11041 -0.04238 -0.03289
1 -0.25912 -0.2223 -0.01582 -0.16742 0.03653 -0.09989 -0.06537 0.07633 0.07185 -0.096 -0.08123 0.03387 0.05982 -0.09282 -0.02778 0.14597 0.15055 0.02346 -0.09898 -0.20545
0 -0.3696 0.00129 0.05673 -0.04255 0.05634 0.14152 -0.20279 -0.0925 -0.11151 0.02993 -0.00298 -0.07406 -0.13558 -0.06302 -0.05793 0.0205 0.18837 -0.00082 -0.05371 -0.18059
0 -0.26666 0.06035 -0.23712 0.05038 -0.07031 0.02026 -0.23148 -0.05789 0.16027 -0.0096 -0.02152 0.15331 -0.09773 0.05549 0.29391 -0.00383 0.12256 0.09255 0.03093 0.07582
0 0.48369 -0.20606 -0.18736 0.08995 0.27898 0.15725 0.01338 -0.05603 -0.03571 0.02974 0.07064 -0.11914 0.08245 -0.12809 0.03144 0.04647 0.02755 0.08771 -0.05523 -0.02236
0 -0.2853 0.01441 -0.16909 0.06588 -0.04451 0.00214 -0.22054 -0.05093 0.08869 0.06305 -0.16684 0.09756 -0.10611 0.0024 0.00873 0.11368 0.45559 0.20663 0.12593 0.14289
0 -0.25491 0.05378 -0.17803 0.07629 -0.0499 -0.04854 -0.27113 -0.09007 0.13708 0.12469 -0.19573 0.13971 -0.10939 0.05649 0.01917 0.11808 0.59817 0.32801 0.25855 0.2791
0 -0.2391 0.06615 -0.1895 0.09189 -0.05237 -0.05256 -0.27041 -0.08104 0.14224 0.12971 -0.18792 0.13591 -0.09237 0.07223 0.00818 0.12432 0.5961 0.33754 0.28728 0.28763
1 0.21749 -0.20986 -0.34856 -0.25781 0.26729 0.2561 0.188 -0.20326 -0.00721 -0.01501 -0.01695 0.14618 0.00218 0.04455 -0.04474 -0.03118 0.04214 -0.15546 0.08647 -0.02758
1 0.02195 0.51964 0.24192 0.06055 0.15042 -0.06543 -0.06693 0.00231 -0.08538 0.14083 -0.04173 0.27936 0.27617 0.04328 0.06893 0.0398 -0.00598 -0.1379 0.03604 -0.04401
0 0.36994 -0.1275 -0.09222 0.04855 0.29326 -0.30916 -0.13632 0.18203 0.02809 0.15522 0.05889 -0.1112 -0.10884 -0.07322 0.01012 -0.04444 0.03535 0.00152 -0.04679 -0.07845
0 -0.39897 -0.15841 -0.04479 -0.00066 -0.18508 0.33244 -0.0467 0.35477 0.00803 0.46255 -0.04699 -0.05081 0.00341 -0.07211 -0.011 -0.00195 -0.06284 -0.07195 -0.08703 0.02503
1 -0.38643 -0.1771 -0.03465 -0.0121 -0.20299 0.36905 -0.01158 0.3818 0.02717 0.512 -0.04354 -0.04634 0.00729 -0.03667 -0.00576 -0.03432 -0.09021 -0.08812 -0.07058 0.06591
0 -0.49384 -0.18744 -0.1566 0.45607 -0.03304 -0.1955 0.28361 -0.15258 -0.09034 -0.0046 -0.08575 0.1285 -0.0728 -0.23688 -0.01755 -0.06478 0.0097 -0.17748 -0.15241 0.17335
0 -0.00977 -0.31969 0.20058 -0.399 -0.20374 -0.23792 0.02249 -0.02844 0.13611 -0.01716 -0.14499 0.08434 -0.00033 -0.01836 -0.05389 -0.12011 0.02914 -0.00309 -0.0594 -0.13136
0 0.51058 -0.0318 0.20695 0.14826 -0.21006 0.00063 -0.02163 -0.08297 0.02481 0.02435 0.04836 -0.0667 0.03366 0.01033 0.06285 -0.02937 0.02426 -0.03512 -0.03357 0.02322
0 0.52302 -0.03634 0.09801 0.15304 -0.17781 0.04117 -0.00685 -0.10795 -0.00384 0.02746 0.03625 -0.03785 -0.02804 0.00289 0.01745 0.01299 0.0732 0.02304 -0.11807 -0.06766
1 0.35202 -0.16265 -0.0516 0.02764 0.28609 -0.33796 -0.13094 0.20568 0.03361 0.13568 0.07881 -0.09933 -0.10302 -0.02628 0.04027 -0.05891 0.02269 -0.03756 -0.04254 -0.0018
0 -0.32731 0.19969 0.37811 -0.21337 0.1734 0.05674 -0.1517 -0.17051 -0.21052 0.04303 0.03849 0.04889 0.02556 -0.1287 0.0469 -0.0612 -0.06229 0.01586 0.02929 -0.02955
0 0.23031 0.44257 0.27248 0.09556 0.07043 0.0175 0.20856 0.26019 0.18714 -0.11779 -0.0435 0.04287 -0.0815 -0.05947 -0.00729 -0.02606 0.01981 -0.04509 0.0109 0.07487
0 -0.12946 0.34111 -0.24563 -0.23339 -0.17671 -0.11011 0.16933 0.04795 -0.05242 -0.01501 -0.05772 -0.19547 -0.11126 -0.0533 0.02282 0.15149 0.0294 -0.01631 -0.02721 -0.0538
0 0.18823 0.428 0.35075 0.13258 0.13021 0.02686 0.15582 0.18071 0.19053 -0.08422 -0.02623 0.04351 -0.02719 0.01249 -0.01318 -0.06824 0.01671 -0.04846 0.01583 0.07663
0 0.49497 -0.21886 -0.16042 0.1039 0.28028 0.14169 -0.00104 -0.0234 -0.05714 0.02094 0.08871 -0.11091 0.07255 -0.09029 0.04718 0.0606 0.03541 0.08436 -0.10303 0.01361
0 -0.09785 0.20005 -0.35193 -0.24502 -0.04891 -0.05845 0.15768 0.08302 -0.05253 -0.1036 -0.05002 -0.23934 -0.31874 -0.0362 -0.02107 0.33328 -0.03303 -0.16186 0.12351 -0.08028
1 -0.2524 -0.12271 0.38452 -0.11616 0.06974 0.00331 0.07638 -0.1763 0.08345 -0.09693 0.01362 -0.14571 -0.00249 -0.01355 0.00672 -0.05338 -0.10057 0.15345 0.00318 0.1056
0 0.41133 -0.04803 0.15579 0.06255 -0.21406 -0.32353 -0.1467 0.06394 -0.00251 0.09146 -0.01551 0.00655 -0.12455 0.06461 -0.02066 -0.13629 -0.00496 -0.04993 0.02674 -0.03794
0 -0.02267 -0.21133 0.32091 -0.15055 -0.22001 -0.28583 -0.11938 0.12564 -0.02532 -0.12302 0.003 -0.00719 0.01137 0.14937 -0.05014 0.10445 0.08034 -0.04486 -0.15633 -0.07615
1 -0.45421 -0.04998 0.17473 -0.02876 0.06446 0.20186 -0.20334 -0.06291 -0.18144 0.10911 0.05926 -0.11944 -0.14058 -0.16532 0.00645 -0.02377 0.00849 -0.01815 0.06248 -0.01018
0 -0.23095 0.02023 0.42124 -0.23377 0.10863 0.1302 0.14637 0.05779 0.07107 -0.14384 0.04999 -0.12133 -0.13381 -0.06444 -0.03027 -0.11908 -0.05845 0.14992 0.04287 0.07389
0 -0.1134 -0.33781 0.29864 -0.2931 -0.20317 -0.25466 -0.03919 0.02719 0.11541 -0.0614 -0.12693 0.06526 0.07079 -0.04824 -0.03514 0.00273 -0.03579 0.05817 -0.08366 -0.06168
0 0.18675 -0.3906 -0.06876 -0.28248 0.23587 0.15724 0.19278 -0.10781 0.10615 -0.04013 0.03434 0.00929 0.18111 0.06114 0.03258 0.00709 0.03865 -0.09015 0.08025 0.10822
0 -0.3568 0.09353 0.38156 -0.18057 0.1757 0.00469 -0.19181 -0.28009 -0.21231 0.03332 0.04343 -0.03797 -0.04769 -0.09956 0.02679 -0.068 -0.07791 -0.0152 0.05219 0.05507
1 0.34969 -0.16439 -0.0484 0.02825 0.28607 -0.33911 -0.13131 0.20851 0.02982 0.13334 0.08001 -0.09685 -0.10433 -0.0204 0.03933 -0.05393 0.0279 -0.03732 -0.05217 -0.00322
0 0.51219 -0.24245 -0.13039 0.10621 0.29063 0.0424 -0.03259 0.0111 -0.0156 0.06868 0.10885 -0.0928 0.01642 -0.08893 0.03965 0.0531 0.02676 0.09018 -0.09681 -0.00051
0 0.22669 0.47348 0.24179 0.15747 0.10671 0.00784 0.13691 0.15948 0.18225 -0.03621 -0.08363 0.06208 0.04293 -0.09465 -0.0414 -0.01793 -0.01506 0.00057 0.07622 -0.02576
0 -0.33859 -0.0408 0.0714 0.16611 0.04855 0.18875 0.11979 0.11813 -0.0684 0.08363 0.17148 -0.09757 -0.09148 0.36374 -0.07874 -0.05158 0.10818 0.02891 0.08467 -0.10873
1 0.27557 -0.19742 -0.01969 -0.02171 0.26978 -0.33519 -0.10548 0.18829 0.04643 0.08205 0.09305 -0.09335 -0.06553 0.04109 0.0354 -0.02309 0.04989 -0.04912 -0.06879 0.01506
0 -0.28513 0.10766 -0.29679 0.02322 -0.09076 0.05522 -0.24021 -0.04778 0.15152 -0.08012 0.11083 0.14241 -0.1002 0.0805 0.42376 -0.03851 -0.02661 0.03096 -0.06604 0.00616
1 -0.41854 -0.2163 0.01719 -0.01948 -0.20724 0.36823 0.02251 0.39442 -0.00363 0.49509 0.00244 -0.06561 0.02927 0.01154 -0.01609 -0.02536 -0.09207 -0.05126 -0.03721 0.06557
1 0.04021 -0.03005 -0.32374 0.05147 0.13468 0.15263 -0.16535 0.22442 -0.33885 -0.32743 -0.41273 -0.13739 0.1814 0.14524 0.01957 -0.31408 -0.02557 0.0504 -0.06904 0.08652
0 0.3151 0.24564 -0.00562 0.15892 -0.12758 0.01949 -0.01569 -0.02559 -0.05076 0.06986 -0.01785 -0.03167 0.14884 -0.24291 0.03902 0.02058 0.07832 -0.05456 0.10558 -0.17102
0 -0.40399 -0.13968 0.01158 0.24571 0.0576 -0.22662 -0.0708 -0.30284 0.10019 0.02035 -0.26851 0.01268 -0.11373 -0.12202 -0.11252 0.07582 -0.07656 -0.09448 -0.1885 0.24892
0 0.21013 0.40685 0.30782 0.10733 0.08055 0.03768 0.20798 0.26565 0.20955 -0.14036 -0.03062 0.00548 -0.0939 -0.04634 -0.01402 -0.0436 0.0527 -0.05485 0.0014 0.0766
0 0.23079 -0.04799 -0.15992 -0.2465 -0.21606 0.26971 0.19119 -0.31123 -0.04726 -0.03234 -0.0491 0.10238 -0.05414 0.03868 -0.03435 -0.051 0.06254 -0.12727 0.05922 -0.03188
0 -0.49491 -0.20828 -0.0538 0.4611 0.00287 -0.14271 0.33717 -0.08713 -0.18312 -0.01863 0.13457 0.03204 0.01067 0.09015 0.01802 -0.0492 0.02398 -0.01985 0.05708 -0.09543
0 0.0026 0.47238 -0.24656 -0.32819 -0.09991 -0.2299 0.22232 -0.00366 -0.0598 0.08615 0.0053 -0.09166 -0.10098 -3e-05 -0.02161 0.06447 -0.04991 0.10825 -0.01845 0.02752
0 -0.08534 -0.0362 -0.11348 0.17895 0.15037 0.00405 0.0202 -0.26386 0.43316 0.09282 -0.20156 -0.18875 -0.02288 0.19656 -0.10563 -0.03448 -0.15992 0.113 0.00342 -0.07245
1 -0.27937 -0.28958 0.09983 -0.11172 -0.20912 0.12609 0.00359 0.12266 0.05799 -0.01014 -0.01887 -0.04181 0.17101 -0.05931 0.05453 0.11137 -0.07998 0.07681 0.03203 0.10254
1 0.3926 -0.1399 -0.25471 -0.04354 0.24227 -0.18356 -0.11066 0.13825 -0.1845 0.10481 0.02855 0.03578 -0.12903 -0.07124 -0.09754 -0.09839 -0.05912 0.01943 0.10881 -0.04481
0 -0.23296 -0.04739 -0.13323 0.20464 0.10861 -0.13398 -0.10681 -0.28738 0.3718 0.14463 -0.32457 -0.10071 -0.07511 0.15303 -0.1453 0.00646 -0.14324 0.03816 -0.06892 -0.00065
0 -0.00718 -0.02147 -0.11144 0.11103 0.15142 0.079 0.1005 -0.22345 0.39606 0.04126 -0.12405 -0.20234 -0.0105 0.14434 -0.06328 -0.05465 -0.09973 0.09785 0.00436 -0.088
0 -0.27641 -0.09979 -0.18471 0.05405 -0.04828 0.22829 -0.04798 0.18422 0.05883 0.14317 -0.10564 -0.01081 0.02804 0.05907 0.01165 -0.00656 0.0486 -0.07643 -0.00662 -0.02327
1 0.17388 -0.20102 -0.34607 -0.31519 0.23285 -0.07215 0.06495 -0.04962 -0.01968 0.05723 -0.03378 0.19009 -0.15624 0.04762 -0.09444 -0.11566 -0.00397 -0.1314 0.14982 -0.08284
1 0.06624 0.15481 0.08848 0.30142 0.16817 -0.07279 -0.14659 -0.23303 0.23894 0.18189 -0.14328 -0.10303 0.18001 0.12174 -0.03181 0.0793 -0.17411 0.0103 0.06961 -0.11435
0 -0.47473 -0.1974 -0.11941 0.48583 -0.01326 -0.23372 0.31684 -0.12808 -0.11147 -0.03922 0.00778 0.08593 -0.04802 0.0145 -0.0417 -0.03679 0.06789 -0.12221 -0.10754 -0.0348
1 -0.3184 -0.24107 0.06674 -0.16945 -0.01907 -0.13722 -0.10125 0.14089 0.0252 -0.07121 -0.05999 0.03519 0.08124 -0.21412 0.06121 0.16322 -0.01569 0.03793 0.0242 -0.02165
1 0.34264 -0.08013 -0.27931 0.05888 0.20113 -0.13319 -0.15081 0.1375 -0.17285 0.11304 0.01297 -0.00453 -0.11491 -0.15351 -0.09453 -0.08714 -0.07352 0.07265 0.13242 -0.10327
0 -0.0264 0.03433 0.20233 0.01367 0.06372 0.06223 0.13656 -0.22075 0.25246 -0.04887 -0.00535 -0.23824 0.04045 0.11761 0.01513 -0.11218 -0.08973 0.07404 0.07486 0.11658
0 -0.35706 -0.0677 -0.18615 0.20913 -0.05969 -0.00204 -0.00356 0.00396 -0.01355 -0.00693 -0.09385 0.06842 -0.05359 -0.19912 -0.00052 0.05145 0.06989 -0.10199 -0.10141 0.0738
0 0.10232 0.46814 -0.03822 -0.08211 -0.01696 -0.24311 0.04975 0.11311 -0.14139 0.09999 -0.02714 0.08839 0.02204 0.06238 -0.02732 0.04557 -0.00164 0.04548 -0.02961 0.02142
0 0.23534 -0.17565 -0.3273 -0.28316 0.25222 0.24548 0.20731 -0.21086 -0.0077 -0.00442 -0.00746 0.12529 0.0107 0.02637 -0.02692 -0.0335 0.06336 -0.16312 0.07087 -0.02979
0 0.22211 0.41999 0.28055 0.11392 0.0746 0.03751 0.21137 0.25992 0.22379 -0.13029 -0.03901 0.00795 -0.08955 -0.06667 -0.00675 -0.05071 0.04313 -0.0552 0.01318 0.07604
0 -0.49003 -0.20413 -0.08089 0.39179 -0.01301 -0.07666 0.3076 -0.09265 -0.10573 0.0429 0.05233 0.02057 0.01055 -0.05804 0.03699 -0.10941 -0.03075 -0.00187 0.06335 -0.02204
0 -0.10663 0.3078 -0.3215 -0.21814 -0.10289 -0.15837 0.03115 0.00611 -0.0002 0.04885 0.13488 -0.10871 -0.13556 0.01722 -0.08798 -0.01505 0.04706 0.04425 0.04205 0.03993
0 0.50208 -0.26338 -0.10792 0.09208 0.27989 0.02778 -0.02463 0.02982 -0.00479 0.06232 0.12822 -0.08162 0.01688 -0.04033 0.06999 0.02786 0.00932 0.04874 -0.08417 0.0865
1 0.43096 -0.09315 0.12832 0.06118 -0.21085 -0.3138 -0.14263 0.06944 -0.01097 0.08057 -0.00899 0.00518 -0.14896 0.07023 -0.03343 -0.13642 -0.0286 -0.03534 0.02841 -0.03503
0 -0.1191 0.11806 -0.28232 0.04926 -0.01646 0.0911 -0.06001 0.20359 -0.13404 -0.26613 -0.28601 -0.21488 -0.02004 0.02107 0.03127 0.09324 0.07758 -0.1141 0.00101 -0.08462
0 0.4937 -0.11147 0.08648 0.13072 -0.30924 0.18742 0.00271 -0.1497 -0.08412 -0.065 0.04439 -0.0544 -0.0004 0.01229 0.03808 0.02592 0.0127 -0.00519 -0.0034 0.09248
0 0.5322 -0.08013 0.17551 0.14641 -0.20814 0.01543 -0.01552 -0.08319 0.01591 0.01369 0.05494 -0.06833 0.01151 0.0165 0.0513 -0.02451 0.00401 -0.01327 -0.03561 0.03104
0 0.02192 -0.31509 0.29988 -0.15711 -0.20486 -0.31874 -0.09537 0.13302 -0.02598 -0.12456 0.0149 0.01946 0.0285 0.19634 -0.06571 0.09548 0.04533 -0.01951 -0.15119 -0.05772
0 -0.18349 0.20108 -0.1526 0.0686 -0.07425 0.03769 -0.09523 0.11414 -0.06907 -0.09678 -0.19554 -0.0699 0.17302 -0.02214 0.08835 0.05038 0.16314 -0.1622 0.00513 -0.14495
0 0.36157 -0.02764 0.04071 0.21533 -0.16028 0.04701 -0.07411 -0.09992 0.11208 0.03155 -0.02989 -0.09909 0.05969 -0.14784 0.02951 0.02053 -0.09902 0.09337 0.1528 -0.11223
1 0.26241 0.18272 -0.16556 0.04617 -0.14622 -0.13478 -0.09332 0.06593 -0.21762 0.08645 -0.07053 0.11695 -0.05704 -0.10231 -0.12384 -0.00829 -0.12059 0.11155 0.16347 -0.13139
0 0.34749 -0.11823 -0.10973 0.03712 0.29002 -0.29348 -0.12151 0.17485 0.01588 0.15097 0.06293 -0.07678 -0.14016 -0.02659 0.00641 -0.02771 0.07666 -0.00187 -0.11921 -0.08039
0 0.2319 -0.05196 -0.18651 0.08314 0.26441 0.24511 0.01448 0.08866 -0.11829 -0.06809 -0.0576 0.311 -0.06493 0.01473 -0.09796 0.23151 -0.15557 0.28058 -0.18771 -0.03771
0 0.25467 -0.06375 -0.16676 0.08075 0.27746 0.1834 -0.00131 0.11341 -0.10102 -0.03638 -0.03808 0.33209 -0.10547 0.01182 -0.10685 0.22838 -0.1623 0.28512 -0.18223 -0.0429
1 0.37257 0.16461 0.136 0.06045 -0.10422 -0.0122 0.01899 0.00122 -0.08369 0.03441 0.04923 0.00835 0.11379 -0.06306 0.08006 -0.02575 0.07626 -0.13168 -0.00807 0.00364
1 0.31915 0.17573 0.07419 0.16253 -0.05885 0.15963 0.01659 0.0607 -0.04856 -0.03989 -0.09876 0.32533 -0.03137 -0.08286 -0.0901 0.17452 -0.18645 0.21179 -0.01053 -0.10805
1 -0.3068 0.10661 0.28769 0.01341 0.15108 0.11069 -0.21816 -0.11466 -0.22246 0.04113 0.12908 -0.09032 -0.07804 0.18262 -0.05757 0.04754 0.15693 -0.13567 0.02228 -0.06199
0 0.45218 0.07745 -0.00544 0.24194 -0.17542 0.13162 -0.03092 -0.13055 0.00125 0.02875 -0.0239 -0.13245 0.11195 -0.22353 0.03059 0.019 0.01584 0.06079 0.0812 -0.18388
0 0.54038 -0.02964 0.08619 0.15672 -0.18446 0.05078 -0.00526 -0.14285 0.03513 0.04099 0.00883 -0.09317 0.02611 -0.10356 0.00963 -0.01853 0.0141 0.04858 0.01959 -0.11134
0 0.44266 -0.09184 0.17396 0.15894 -0.21706 -0.00323 -0.04173 -0.0275 0.02686 0.00479 0.07133 -0.06947 0.02058 0.04691 0.09412 -0.05122 -0.06458 -0.0608 0.04692 0.16002
1 -0.25641 -0.2981 0.03637 -0.16309 0.03166 -0.16471 -0.07348 0.17215 0.09147 -0.11899 -0.01372 0.01116 0.18342 -0.19344 0.16517 0.18054 -0.09435 0.01989 0.24266 0.06768
0 -0.48759 -0.27415 -0.02153 0.2799 -0.06355 -0.04435 0.37165 0.10338 -0.08907 0.03938 0.1341 0.00604 0.10074 -0.04557 0.09435 -0.09505 -0.04561 0.21254 0.17638 -0.07136
0 0.53199 0.00493 0.154 0.17401 -0.19468 0.01876 -0.02572 -0.10879 0.02177 0.03962 0.0228 -0.0767 0.03611 -0.05973 0.03571 -0.00689 0.04454 0.00978 -0.02767 -0.0787
0 -0.2732 0.15519 -0.41093 0.0615 -0.13057 0.04346 -0.33018 0.01531 0.26216 -0.17911 0.42438 0.1089 0.16201 -0.05924 -0.27458 -0.16167 -0.00674 0.00968 -0.04283 0.02074
0 -0.49022 -0.27726 -0.04606 0.2849 -0.07619 -0.15229 0.34867 0.09507 -0.08877 0.00058 0.07244 0.07191 0.07419 -0.1454 0.08089 -0.08142 -0.02996 0.16047 0.10381 -0.04203
0 -0.41611 -0.21875 0.035 -0.00305 -0.19671 0.34126 0.03025 0.38143 -0.02688 0.44367 0.03007 -0.07177 0.03602 0.04347 -0.02162 -0.00285 -0.07874 -0.03113 -0.01729 0.05376
1 -0.45387 -0.0013 0.37578 -0.15631 0.1328 0.13315 -0.169 -0.11261 -0.1774 0.00151 0.05212 -0.08468 -0.08335 -0.26598 0.02515 -0.08786 -0.05949 0.06902 0.02721 -0.04444
0 0.51128 -0.07866 0.04195 0.15574 -0.29209 0.20019 -0.00122 -0.17515 -0.09031 -0.05499 0.0231 -0.06422 -0.0012 -0.05723 0.01443 0.04418 0.03239 0.0364 -5e-05 -0.00581
0 -0.03624 0.46333 0.26322 0.023 0.1589 -0.05011 -0.07957 -0.02683 -0.1077 0.10282 -0.00034 0.23537 0.23686 0.09245 0.05668 0.0434 0.00978 -0.12964 0.00813 -0.03072
1 -0.19795 0.15199 0.39483 -0.29935 0.11692 0.11004 0.14909 -0.04567 0.0889 -0.06591 -0.01454 -0.04458 -0.1485 -0.09017 -0.01774 -0.20569 -0.01638 0.15489 -0.0479 -0.00062
0 -0.25927 0.18816 -0.3667 -0.09541 -0.11767 0.02981 -0.1608 -0.04208 0.18501 -0.12679 0.19342 0.12076 -0.17172 0.11507 0.51965 -0.07401 -0.13488 -0.01321 -0.12103 -0.02292
0 -0.44505 -0.22616 -0.05859 0.43741 -0.00917 -0.137 0.39603 -0.02589 -0.09524 -0.04397 0.15586 -0.00879 0.03478 0.20455 0.014 -0.07339 0.05569 0.11926 0.0888 -0.18544
1 0.08589 -0.41854 0.09717 -0.11381 0.16402 -0.04813 0.03728 0.11938 -0.00128 -0.10945 0.14699 -0.039 0.18446 0.17425 0.04052 0.20202 0.07663 0.01192 -0.09732 0.10642
0 -0.28135 0.13383 0.40823 -0.02809 0.19551 -0.03761 -0.21839 -0.17769 -0.28035 -0.03074 0.1155 -0.00729 -0.01188 0.15281 -0.02961 0.09894 0.0122 -0.13244 -0.00881 0.01784
0 -0.05733 -0.38668 0.14683 -0.28411 0.20085 -0.02683 0.10554 0.03469 0.12255 -0.06226 0.0612 -0.07051 0.20612 -0.05532 0.09376 0.07957 0.0275 -0.01284 0.05201 0.07785
1 -0.27921 0.0391 0.4796 -0.05752 0.11985 0.0691 -0.00498 0.1248 -0.12232 -0.19913 0.16131 -0.07758 -0.0785 0.13542 -0.05767 0.0785 0.00911 0.06173 -0.02821 0.0424
0 0.12951 -0.06021 -0.27912 -0.09478 0.25049 0.28868 0.12883 -0.06788 -0.00088 -0.04611 -0.08573 0.32439 -0.07348 0.03365 -0.10831 0.14515 -0.13707 0.14146 -0.03547 -0.07263
0 -0.31457 -0.28003 0.24317 -0.28447 -0.13394 -0.15223 -0.05565 0.10649 0.05226 -0.0735 -0.0836 -0.0045 0.11283 -0.21593 0.02592 0.01909 -0.00553 0.09259 -0.06978 -0.12998
0 -0.38357 0.04377 0.43759 0.03572 0.20441 0.05743 -0.20371 -0.1481 -0.28521 -0.08701 0.15434 -0.05339 -0.0754 0.10455 -0.04474 0.13005 -0.02904 -0.10318 0.00868 0.01974
0 0.37485 -0.19328 -0.259 -0.02049 0.25999 -0.17249 -0.13712 0.16192 -0.20365 0.08119 0.03138 0.05971 -0.15326 -0.01844 -0.09676 -0.08935 -0.07837 0.03018 0.0744 -0.01022
1 0.24202 -0.27854 -0.14611 -0.24545 0.23753 0.08967 0.12957 -0.06627 -0.00788 -0.0227 0.06659 0.0583 0.10658 0.05722 0.00227 -0.00922 -0.02486 -0.12074 0.16744 0.1781
1 -9e-05 -0.4753 0.07351 -0.30146 0.15015 0.01534 0.12893 0.03893 0.12067 -0.0644 0.03771 0.01792 0.24049 0.018 0.05493 0.08734 0.01043 -0.02958 0.08471 0.11174
1 0.38862 -0.1455 0.13443 0.16675 -0.29684 0.06011 -0.06391 -0.05809 0.01699 -0.0271 0.04871 -0.00796 -0.04074 0.05533 0.06517 0.02602 -0.08703 0.01793 0.0397 0.17394
0 -0.01259 0.47763 -0.00467 -0.0383 0.03225 -0.23644 -0.0919 -0.01291 -0.16233 0.22949 -0.03177 0.18712 0.25095 0.07748 0.05075 0.03876 0.07799 -0.01952 -0.03056 -0.0421
1 0.32482 -0.06165 0.0094 0.00988 -0.28894 -0.17645 -0.14456 0.08078 -0.18444 0.01015 0.01132 0.09881 -0.16817 0.08389 -0.03239 -0.1206 -0.12159 -0.10311 0.19768 0.15247
0 0.28834 -0.00147 -0.19336 -0.16725 -0.22035 0.25754 0.17732 -0.31206 -0.07517 -0.03465 -0.02248 0.06072 -0.03378 0.01244 -0.05477 -0.02936 0.04278 -0.09899 0.09227 -0.01044
0 -0.47058 -0.19494 -0.08676 0.4817 0.00689 -0.15975 0.33809 -0.12464 -0.12297 -0.0239 0.08648 0.02329 -0.0101 0.1331 -0.01938 -0.05314 0.0554 -0.04349 -0.00127 -0.13289
0 0.19068 0.43065 0.34708 0.1319 0.12887 0.02686 0.15719 0.17839 0.19614 -0.08216 -0.02848 0.04151 -0.02423 0.00509 -0.01153 -0.0727 0.01059 -0.0475 0.02415 0.07842
0 -0.35919 0.0893 0.37233 -0.01348 0.19023 0.05387 -0.24472 -0.13687 -0.33177 -0.06809 0.13808 0.02029 -0.03597 0.10262 -0.0273 0.16963 -0.05257 -0.10428 0.02315 0.01992
0 0.41394 -0.04576 0.15238 0.06229 -0.21477 -0.3225 -0.14609 0.0607 0.00162 0.09414 -0.01692 0.00391 -0.12287 0.05765 -0.01931 -0.14194 -0.01079 -0.04938 0.03778 -0.03658
0 -0.36484 -0.11661 0.01952 0.3 0.06354 -0.23812 -0.07969 -0.24635 0.05322 -0.00439 -0.19087 0.00089 -0.09937 0.04033 -0.12898 0.14481 -0.03239 -0.12914 -0.19681 0.16886
0 -0.04669 0.02857 -0.01868 0.26414 0.04109 -0.01124 -0.11086 -0.02949 0.22461 0.01178 -0.09354 -0.1895 0.09299 -0.00495 -0.00291 0.07761 -0.19164 0.03076 0.25965 -0.08563
0 -0.15082 0.4688 -0.18713 -0.3022 -0.03638 -0.18471 0.0221 -0.19282 -0.13567 0.22169 0.04887 0.00773 0.19913 0.03187 0.11045 -0.0763 0.03695 0.11016 -0.1214 0.00349
1 -0.08321 -0.32884 0.33559 -0.10282 -0.18476 -0.03442 -0.01555 0.10192 -0.04904 -0.15277 0.11127 -0.06333 0.15673 0.19924 0.00099 0.20218 0.0316 0.02349 -0.1415 0.04521
1 -0.04579 -0.47198 0.05167 -0.3331 0.11127 -0.25398 0.02682 0.14119 0.11293 -0.06213 -0.0382 0.08458 0.14299 -0.02209 0.01025 0.04443 -0.00294 -0.04336 0.09968 0.00965
1 0.31878 -0.20233 -0.29716 -0.15625 0.27735 0.22387 0.17673 -0.22378 0.08619 0.02821 0.01731 0.02315 0.02734 -0.00206 -0.01953 -0.02021 0.06238 -0.07786 0.03139 -0.04053
0 -0.26812 0.09737 -0.34018 0.09839 -0.10301 0.04992 -0.29348 0.02955 0.21451 -0.13437 0.27801 0.09449 0.12099 -0.05295 -0.23918 -0.09411 0.03332 0.02314 0.01055 0.01208
1 -0.32297 0.1503 0.2802 -0.12123 0.14036 0.19608 -0.11625 -0.1139 -0.01118 0.13449 0.01088 -0.05925 -0.13468 -0.08353 -0.02272 -0.20284 0.17646 0.00656 -0.0195 -0.14275
0 -0.50112 -0.21609 -0.08051 0.46833 -0.01515 -0.22912 0.32529 -0.09279 -0.17566 -0.03938 0.06223 0.09731 -0.02315 -0.0255 -0.00154 -0.03735 0.03782 -0.09126 -0.04588 -0.00927
0 -0.25116 0.16767 -0.4096 -0.03349 -0.11809 0.00375 -0.25424 -0.00712 0.24856 -0.13996 0.35752 0.12535 -0.07249 0.05226 0.11965 -0.1793 -0.05781 0.01673 -0.05908 0.03139
0 -0.47926 -0.25179 -0.05206 0.41814 -0.03583 -0.22064 0.38001 0.0209 -0.15015 -0.05817 0.13316 0.06829 0.03018 0.05388 0.03438 -0.05657 0.02722 0.08625 0.06584 -0.08665
0 0.11064 0.43486 0.22452 0.05916 0.07417 -0.02665 0.07754 0.17997 0.00474 -0.04009 -0.01427 0.17783 0.03919 0.04642 0.03277 0.00632 -0.12056 -0.06163 0.08567 0.16159
1 -0.08473 0.27096 0.18274 0.1708 0.10852 -0.00714 -0.15035 0.03779 0.0062 0.01528 -0.06005 0.07108 0.19388 -0.02404 0.00694 0.10167 -0.06097 -0.14583 0.21996 -0.1234
1 0.26864 -0.27103 -0.23626 -0.24161 0.27694 0.14079 0.17418 -0.19834 0.15506 0.05438 -0.0063 0.09374 -0.01895 0.01467 -0.01117 -0.04856 0.08793 -0.10091 0.02371 -0.07271
0 0.1496 -0.08335 0.06614 0.14565 -0.15448 -0.19651 -0.20642 0.10076 0.01275 -0.00742 -0.03959 -0.07582 0.0051 -0.02324 -0.02649 0.02296 -0.09862 -0.0066 0.19699 -0.11629
0 -0.25728 0.24121 0.40562 -0.06569 0.19503 0.01898 -0.17887 -0.07374 -0.26489 -0.01986 0.0946 0.10024 0.07084 0.09971 -0.00158 0.10222 0.02072 -0.10953 -0.02009 -0.05186
1 0.23764 0.00818 -0.14221 -0.27341 -0.13869 0.2175 0.21538 -0.30641 -0.01453 0.00546 -0.03828 0.06692 0.00039 0.02621 -0.0122 -0.08619 0.06339 -0.11608 0.01351 -0.06335
0 -0.4506 -0.25876 -0.02831 0.35098 -0.04825 -0.20017 0.35483 0.09264 -0.12324 -0.05968 0.15257 0.04527 0.05789 0.07607 0.05194 -0.04213 0.02394 0.14599 0.10304 -0.11555
1 -0.1253 -0.37029 0.21846 -0.33028 -0.24795 0.10722 0.05329 -0.02066 0.08601 -0.06855 -0.07332 0.03032 0.12877 0.00608 -0.03913 0.06201 0.03524 0.02488 -0.09123 -0.02198
1 0.36031 -0.14799 -0.07038 0.03636 0.28547 -0.32807 -0.13201 0.19927 0.03755 0.14596 0.0772 -0.09927 -0.11183 -0.03665 0.04187 -0.06966 0.01865 -0.03485 -0.03747 -0.00408
0 0.33913 -0.06256 0.151 0.0837 -0.22064 -0.30711 -0.16032 0.09834 0.0132 0.07318 0.00411 0.00058 -0.10384 0.07684 0.02746 -0.15667 -0.07633 -0.09583 0.1093 0.08456
1 -0.11969 -0.34269 0.29466 -0.14567 -0.20219 -0.27997 -0.09633 0.17901 -0.04267 -0.15526 0.02844 0.01435 0.08562 0.15667 -0.04206 0.16743 0.02274 0.00445 -0.14077 -0.04733
0 -0.01847 -0.35193 0.22517 -0.25299 -0.26438 0.1787 0.09031 -0.07223 0.07734 -0.08327 -0.02738 -0.01658 0.15544 0.06776 -0.00342 0.05907 -0.03005 0.02145 -0.01706 0.10243
0 0.46373 -0.08606 0.03955 0.1627 -0.26723 0.20092 0.00403 -0.16929 -0.04926 -0.05079 0.02019 -0.02396 -0.03877 0.00091 0.01275 0.08248 0.05534 0.06828 -0.10377 -0.02236
0 0.0315 0.5276 0.21797 0.06558 0.14174 -0.06739 -0.06038 0.00517 -0.07057 0.14785 -0.04674 0.28413 0.28263 0.03539 0.07452 0.03461 -0.00766 -0.13133 0.03634 -0.04318
0 0.51488 -0.0397 0.105 0.1957 -0.18186 0.13808 0.00747 -0.14475 0.0231 -0.01064 0.01286 -0.10166 0.06451 -0.05509 0.0401 0.04427 0.01391 0.06487 -0.06655 -0.07608
0 0.02417 -0.11486 0.2032 -0.31172 -0.11894 -0.27947 0.01974 -0.02988 0.12681 0.01957 -0.08574 -0.0067 0.00697 -0.05661 0.00016 -0.17422 0.0565 -0.00089 -0.03783 -0.11636
0 0.0297 -0.05394 -0.33878 0.05579 0.14317 0.15974 -0.17153 0.21773 -0.334 -0.32713 -0.41141 -0.12577 0.17022 0.15084 0.00645 -0.32863 -0.0445 0.06908 -0.05873 0.09789
0 0.41264 -0.25811 -0.13075 0.02647 0.24261 -0.27257 -0.14588 0.17435 -0.02693 0.12363 0.06798 -0.02295 -0.1446 0.00144 -0.00889 -0.09676 -0.03345 0.00761 0.00989 0.0222
0 0.07179 0.49094 0.27832 0.14542 0.16905 -0.03476 -0.03985 0.00289 0.07414 0.11771 -0.07775 0.16952 0.23144 -0.00682 0.03231 -0.00169 0.04999 -0.13171 0.04446 -0.10702
0 0.43282 -0.00784 0.10262 0.08703 -0.19803 -0.29468 -0.14644 0.03556 -0.00257 0.11307 -0.0361 -0.00973 -0.12065 0.00063 -0.04573 -0.12131 0.00781 -0.00568 0.04599 -0.12188
0 -0.10716 0.20586 -0.35197 -0.18627 -0.03685 -0.12064 0.05314 0.08746 -0.00945 -0.00728 0.07145 -0.16563 -0.22004 -0.02949 -0.07887 0.12596 0.03473 -0.06865 0.09453 -0.02117
0 0.28869 -0.13329 -0.36004 -0.20795 0.2571 0.23836 0.18563 -0.20547 -0.0378 0.00012 0.01861 0.07562 0.02355 0.00058 -0.04992 -0.01795 0.04118 -0.12184 0.07614 -0.00932
1 -0.23862 -0.29136 0.05703 -0.1431 0.05819 -0.01023 -0.02173 0.12317 0.08745 -0.10543 0.04051 -0.04224 0.22216 -0.15511 0.18636 0.18435 -0.09256 0.03036 0.24692 0.12804
1 0.48382 -0.05747 0.05066 0.06767 -0.30132 0.11466 -0.01884 -0.09874 -0.19106 -0.04107 0.04254 0.06813 -0.05619 0.01516 -0.00754 0.012 -0.02156 -0.04691 0.06576 0.10699
0 -0.01521 0.50258 -0.31675 -0.35402 -0.12563 -0.19585 0.25278 -0.01868 -0.10559 0.04979 0.04161 -0.20797 -0.04859 -0.0026 -0.03921 0.0836 -0.05595 0.05488 -0.03203 0.05756
1 -0.16378 -0.36788 0.27642 -0.30319 -0.17643 0.04733 0.06164 -0.02305 0.12345 -0.05967 -0.07754 0.01461 0.14635 -0.03753 -0.02533 0.05208 0.01969 0.08386 -0.14874 -0.07254
1 0.48131 -0.05919 0.05394 0.06799 -0.30042 0.11346 -0.02008 -0.09522 -0.19435 -0.04275 0.04347 0.07053 -0.05824 0.0221 -0.00881 0.01693 -0.01678 -0.0466 0.05558 0.10606
0 -0.08351 -0.17545 0.2222 -0.36699 -0.12123 -0.24064 0.01013 -0.01811 0.12728 -0.00299 -0.11737 0.01828 0.01268 -0.11569 0.00168 -0.15083 0.07857 0.0282 -0.10059 -0.17774
1 0.48507 -0.23103 -0.14661 0.09175 0.29005 0.05007 -0.01909 0.00861 -0.02685 0.06602 0.11017 -0.04982 -0.02259 -0.03714 0.02957 0.06728 0.06622 0.08019 -0.17094 -0.0063
0 -0.30057 0.14443 0.35288 0.02747 0.16715 0.15082 -0.15884 -0.01286 -0.1229 0.02734 0.11341 -0.06256 -0.08766 0.12576 -0.06295 -0.00596 0.19671 -0.11507 -0.00473 -0.12483
1 0.26718 -0.17121 -0.37847 -0.18732 0.27313 0.25082 0.16464 -0.1989 -0.03713 -0.01131 0.00762 0.09798 0.01041 0.01885 -0.06592 -0.01865 0.02001 -0.1125 0.08874 -0.00983
0 0.50186 -0.09808 0.06699 0.14066 -0.30727 0.19198 0.00263 -0.15674 -0.08051 -0.0578 0.0415 -0.05289 -0.00706 -0.0044 0.04189 0.0174 0.01006 -0.00319 0.00463 0.08579
1 -0.19557 -0.00542 -0.2083 -0.08255 -0.05793 0.03106 -0.05377 0.02931 0.00445 -0.03524 -0.08491 0.04674 -0.12866 -0.01146 -0.00197 0.13699 0.0812 -0.05083 0.01929 -0.13551
0 -0.27647 0.17306 -0.39933 -0.00373 -0.11523 0.02437 -0.30173 -0.03571 0.23925 -0.12568 0.36654 0.14304 0.02646 0.04444 0.10098 -0.18538 -0.03124 0.02604 -0.08405 0.02839
0 0.35516 0.23941 0.08019 0.11534 -0.13014 0.00219 0.00117 -0.02855 -0.07315 0.05697 0.00616 -0.02042 0.14545 -0.1769 0.0554 0.00933 0.09313 -0.09834 0.06414 -0.107
0 0.34995 0.21793 0.13846 0.0693 -0.13549 -0.00885 0.00995 -0.01583 -0.08255 0.04185 0.04113 0.01049 0.1134 -0.08082 0.09455 -0.01569 0.09417 -0.15264 0.00993 0.00144
0 0.38591 -0.00719 -0.06495 -0.00407 -0.26348 -0.15033 -0.10584 0.01748 -0.23492 0.03703 -0.01485 0.12561 -0.2207 0.05251 -0.10704 -0.06479 -0.01255 -0.02079 0.07407 -0.03761
0 -0.30698 -0.02144 0.08746 0.1116 0.03509 0.21562 0.12599 0.19183 -0.03254 0.07375 0.16446 -0.10816 -0.09495 0.33275 -0.07363 -0.04592 0.12591 0.0358 0.06626 -0.08498
0 -0.19913 0.10159 -0.24466 0.07365 -0.06309 0.06867 -0.06943 0.15958 -0.03175 -0.17436 -0.20674 -0.14651 -0.00996 -0.03265 0.04355 0.15268 0.13379 -0.14213 0.02912 -0.13227
0 0.01241 -0.02599 -0.35965 0.05853 0.13756 0.16904 -0.16291 0.20036 -0.33678 -0.31792 -0.41381 -0.0971 0.14688 0.14122 -0.01212 -0.28316 -0.03199 0.09334 -0.09484 0.04577
1 -0.19759 -0.34346 0.26568 -0.37793 -0.19551 -0.20212 -0.03762 0.04038 0.08816 -0.06841 -0.13969 0.05595 0.07697 -0.10256 -0.04882 0.0014 0.04908 0.04893 -0.13977 -0.1692
1 -0.30317 -0.08737 -0.0051 0.24783 0.16403 -0.0874 -0.02738 -0.38552 0.21445 0.09635 -0.19923 -0.11595 0.00043 0.14168 -0.09826 -0.00201 -0.19711 -0.01122 -0.01614 0.04694
0 0.13121 0.00772 -0.13321 0.1837 -0.1058 0.2152 -0.09593 0.00016 -0.09873 -0.19515 -0.23719 -0.17747 0.17908 -0.02095 0.06601 -0.09333 0.053 0.03298 -0.0293 -0.08014
1 0.03825 -0.00617 -0.35024 0.05552 0.13299 0.15457 -0.16592 0.21481 -0.35366 -0.32461 -0.42647 -0.13711 0.18105 0.11525 -0.00502 -0.30749 -0.02676 0.07388 -0.06491 0.04765
0 -0.39034 -0.16972 -0.02243 -0.02014 -0.19913 0.36108 -0.0252 0.37128 0.01905 0.50561 -0.0431 -0.04932 0.00087 -0.05235 -0.00224 -0.03707 -0.08638 -0.08877 -0.07195 0.06272
0 0.40837 -0.30654 -0.05687 0.02607 0.26386 0.00787 0.00505 0.03399 0.01341 0.01009 0.14692 -0.07785 0.06366 0.06189 0.06091 0.06514 0.04061 0.02148 -0.10074 0.11936
1 -0.32288 0.12034 0.36436 -0.13582 0.20115 0.10345 -0.11801 -0.30494 -0.0525 0.05583 -0.01528 -0.03333 -0.10916 -0.09347 0.00705 -0.15609 -0.03005 0.0239 -0.01417 -0.00608
1 0.23629 -0.23201 -0.32889 -0.27433 0.28105 0.18137 0.16869 -0.1803 0.0156 0.01991 -0.00555 0.18518 -0.04312 0.03758 -0.05368 -0.03919 0.03691 -0.14352 0.09636 -0.04178
1 -0.07205 0.44693 -0.36263 -0.20008 -0.11771 -0.07375 0.14656 -0.05436 -0.11386 0.01264 0.07433 -0.22712 0.18862 0.00444 -0.09804 0.0699 -0.05307 0.03555 -0.04865 0.11811
0 -0.26277 0.13796 -0.4007 0.06447 -0.13411 0.06688 -0.25575 0.06173 0.19542 -0.22058 0.36347 -0.00146 0.17525 -0.1347 -0.44932 -0.05157 -0.00822 -0.06547 -0.01084 0.00275
1 -0.25001 -0.29581 0.13229 -0.19085 -0.17949 -0.14498 -0.09598 0.14126 0.07848 -0.1165 -0.06512 0.03506 0.1559 -0.1495 0.10669 0.1338 -0.13203 0.04298 0.1674 0.03592
0 -0.32835 -0.18916 0.0125 -0.0813 -0.20439 0.39398 0.01892 0.28913 0.03781 0.39558 -0.03468 -0.00621 -0.02794 0.12269 -0.07609 -0.01297 -0.01291 -0.06638 -0.09785 0.02707
0 -0.02745 0.52244 -0.29443 -0.34584 -0.09881 -0.20538 0.20053 -0.08429 -0.11081 0.10742 0.06867 -0.13583 0.05124 0.03544 -0.02309 -0.00296 -0.05923 0.11338 -0.06139 0.08862
0 -0.072 0.2753 -0.19495 0.0401 -0.02239 0.06026 -0.05381 0.15814 -0.18826 -0.2164 -0.29823 -0.14742 0.18738 0.08279 0.06213 -0.07102 0.08276 -0.06314 -0.07649 -0.05828
1 0.41028 -0.01438 -0.04535 0.00792 -0.27693 -0.16143 -0.12012 0.02085 -0.23007 0.0375 -0.02027 0.09904 -0.19351 0.00721 -0.10902 -0.0853 -0.05286 -0.01844 0.14955 -0.0366
0 0.2484 -0.0751 -0.30009 -0.05113 0.21836 -0.10506 -0.10164 0.16471 -0.26626 0.03856 -0.02647 0.18125 -0.16773 0.04453 -0.12737 0.00663 -0.11247 0.10781 0.00256 -0.0121
0 0.38537 -0.02097 0.08162 0.01539 -0.17994 0.13627 0.0403 -0.09557 -0.14529 -0.07237 0.06265 -0.02585 0.09379 0.09177 0.02101 0.01969 0.02757 -0.08524 -0.02645 0.09877
1 0.2863 0.09742 0.03267 0.11576 -0.13404 0.21011 0.01734 0.02822 -0.11022 -0.07651 -0.07757 0.3734 -0.14365 0.02122 -0.11035 0.21448 -0.13776 0.21486 -0.10308 -0.04632
0 -0.00487 -0.00252 -0.36478 0.09263 0.10892 0.15307 -0.17712 0.18326 -0.30048 -0.27896 -0.3813 -0.1284 0.15513 0.04582 -0.03676 -0.28052 -0.0435 0.10863 -0.01712 0.00924
0 -0.13964 0.03056 -0.05512 0.2498 0.04067 -0.10607 -0.19893 -0.06157 0.19345 0.0773 -0.15971 -0.12206 0.07162 0.02904 -0.04066 0.08763 -0.19705 -0.04162 0.24439 -0.10242
1 0.31415 0.15456 0.12721 0.12317 -0.06341 0.16199 0.02904 0.08027 -0.05676 -0.05034 -0.06986 0.366 -0.06388 0.01145 -0.06656 0.16058 -0.19632 0.17077 -0.06196 -0.0066
0 -0.06523 0.43188 -0.37607 -0.20586 -0.13474 -0.06734 0.18392 -0.00934 -0.11309 -0.02987 0.04464 -0.28385 0.10152 -0.02402 -0.10215 0.14324 -0.0447 -0.00941 -0.02067 0.09605
1 -0.09099 0.22628 -0.38686 -0.19327 -0.05786 -0.02098 0.15653 0.07828 -0.08062 -0.12549 -0.04838 -0.29943 -0.25051 -0.04309 -0.05915 0.36329 -0.03582 -0.17322 0.12879 -0.04324
0 0.45514 -0.12383 -0.06021 0.11823 0.33593 -0.02648 -0.02222 0.05279 0.05552 0.09199 0.11568 -0.17066 0.04774 -0.12123 0.08661 0.06838 0.07629 0.03256 -0.12981 -0.03123
1 0.22383 0.47828 0.28381 0.12943 0.12182 0.00705 0.15118 0.16176 0.16563 -0.04873 -0.06457 0.07889 0.01171 -0.04039 -0.03614 -0.01952 0.00728 -0.00682 0.01881 0.00233
0 0.43237 -0.1593 -0.01343 0.0971 0.32939 -0.04881 -0.01414 0.07993 0.0558 0.07289 0.14263 -0.15952 0.05149 -0.05573 0.11606 0.05657 0.06761 -0.00693 -0.13239 0.05741
1 0.34709 -0.13491 0.15295 -0.00021 -0.20179 -0.31197 -0.118 0.05855 0.0086 0.03074 0.00711 -0.00077 -0.10821 0.13642 -0.04054 -0.10337 -0.00141 -0.04261 -0.01634 -0.01867
0 0.48315 -0.19324 -0.17652 0.13497 0.26416 0.14368 -0.02014 -0.02643 -0.04922 0.03037 0.07369 -0.13688 0.0841 -0.14734 0.04312 0.05132 0.01372 0.1055 -0.05176 -0.01879
0 -0.07404 0.22957 -0.37515 -0.21344 -0.05196 -0.0673 0.15873 0.09282 -0.06809 -0.10065 -0.03617 -0.27288 -0.29831 -0.04687 -0.06044 0.35247 -0.0422 -0.15718 0.13817 -0.05317
1 -0.16908 -0.07031 0.40963 0.05157 0.08718 -0.04563 0.02973 -0.08077 -0.00682 -0.15969 0.11756 -0.14235 0.00022 0.22853 -0.03262 0.10785 -0.00327 0.07264 -0.08762 0.07228
0 0.02014 0.51717 0.24555 0.06138 0.1521 -0.06484 -0.06844 0.00391 -0.09007 0.13875 -0.04049 0.28081 0.27277 0.049 0.0675 0.04383 -0.00106 -0.13999 0.03001 -0.04581
0 -0.22165 0.11615 -0.27519 0.11169 -0.03843 0.08619 -0.20589 -0.01757 0.2486 -0.07265 0.12008 0.08653 0.05499 0.00196 -0.07328 -0.04932 -0.00903 0.02476 0.02163 -0.04514
0 0.50759 -0.03388 0.21042 0.14838 -0.20925 -0.00071 -0.02252 -0.07915 0.02019 0.02197 0.05024 -0.0639 0.03124 0.01829 0.06123 -0.0239 0.03026 -0.03546 -0.04503 0.02229
0 -0.44589 -0.25403 -0.00173 0.35609 -0.03223 -0.0946 0.38641 0.09317 -0.12558 -0.03587 0.21986 -0.02011 0.08786 0.18104 0.06738 -0.04963 0.01798 0.20195 0.17342 -0.14862
1 -0.37777 0.05981 0.42814 0.01635 0.20404 0.05349 -0.2217 -0.1497 -0.30942 -0.08118 0.1514 -0.02666 -0.06162 0.10603 -0.03964 0.14846 -0.04035 -0.10497 0.01096 0.02253
1 0.21497 0.42343 0.22192 0.10914 0.07705 0.04148 0.20983 0.23595 0.19644 -0.11718 -0.05279 0.02349 -0.10161 -0.05422 -0.0332 -0.00074 0.10251 -0.02969 -0.06535 0.00078
0 0.0675 -0.44667 -0.00185 -0.34847 0.19301 0.06092 0.16607 -0.04807 0.16109 -0.02577 -0.0044 0.06782 0.16461 0.01607 0.02517 0.01731 0.06197 -0.07363 0.04583 0.03146
0 -0.26241 0.10561 -0.31331 0.01059 -0.08235 0.10062 -0.15775 0.02444 0.10928 -0.16738 -0.00472 0.04055 -0.0957 0.09888 0.43488 -0.01906 -0.07549 -0.08346 -0.09018 -0.111
1 -0.23006 0.13265 -0.36462 -0.09357 -0.07795 0.03056 -0.06685 0.04035 0.12939 -0.14087 0.09204 0.0054 -0.22397 0.05684 0.36816 0.08786 -0.10943 -0.12595 -0.02987 -0.08855
0 -0.25601 0.10897 -0.32225 -0.00024 -0.08578 0.10111 -0.1341 0.04455 0.10378 -0.18402 -0.02183 0.01333 -0.11286 0.09392 0.43231 0.00592 -0.07824 -0.11293 -0.08619 -0.13315
0 -0.20062 0.13502 0.39796 -0.27356 0.11877 0.12885 0.15465 -0.03756 0.11749 -0.07364 -0.01154 -0.07265 -0.15538 -0.09342 -0.0227 -0.22725 0.00119 0.14656 -0.04232 -0.0029
1 -0.27802 -0.02878 -0.18572 0.07137 -0.05783 0.0524 -0.13095 0.08427 0.06075 -0.01181 -0.07534 0.02555 -0.00882 -0.06923 0.03645 0.10577 0.05889 -0.00974 0.04853 -0.03447
0 0.02427 -0.19347 0.37132 -0.09862 -0.2026 -0.02627 -0.03068 0.0373 -0.02539 -0.14165 0.08256 -0.08075 0.09356 0.1717 -0.00199 0.14768 0.09644 -0.038 -0.16949 0.01075
0 -0.46396 -0.16925 -0.10048 0.44443 -0.01537 -0.20338 0.22945 -0.15131 -0.10728 -0.03728 -0.02566 0.07573 -0.0789 -0.01245 -0.05838 -0.00103 0.06539 -0.16705 -0.15106 0.03868
0 0.32975 -0.26275 -0.09311 0.0406 0.18881 -0.27517 -0.15413 0.20525 -0.01521 0.09082 0.07922 -0.02808 -0.10567 0.034 0.03608 -0.10188 -0.07873 -0.03805 0.07527 0.13222
1 -0.41303 -0.11131 0.25956 -0.07255 0.07287 -0.15939 -0.16036 -0.26651 -0.04036 -0.00861 -0.134 -0.01211 -0.07953 -0.20702 -0.034 0.00404 0.00191 0.03384 -0.15705 0.02492
0 -0.13988 -0.3389 0.28403 -0.10489 -0.19483 -0.27224 -0.09038 0.16209 -0.01411 -0.15144 0.01004 0.03698 0.08372 0.14418 -0.04511 0.19643 0.00424 0.03993 -0.17156 -0.04695
1 0.55324 -0.04256 0.12381 0.1723 -0.19134 0.0347 -0.02132 -0.11033 0.01161 0.02857 0.02966 -0.07879 0.01162 -0.05529 0.02389 -0.00244 0.02389 0.03168 -0.03069 -0.0721
1 0.47792 -0.19079 -0.17399 0.02731 0.27272 0.06511 -0.01765 0.04812 -0.15506 0.03129 0.1054 0.022 0.00946 -0.03924 0.02606 0.01413 -0.01806 0.00091 -0.01898 0.11609
1 0.19878 0.45475 0.34111 0.11293 0.12616 0.00619 0.15165 0.17728 0.15742 -0.06758 -0.03225 0.0821 -0.01122 0.01286 -0.01061 -0.04934 -0.01156 -0.0364 0.02097 0.07978
0 0.19115 -0.42482 -0.03481 -0.29293 0.24022 0.05605 0.16977 -0.07815 0.14829 -0.0176 0.0363 0.03052 0.14993 0.04718 0.02703 0.00283 0.03661 -0.07482 0.07584 0.08896
0 0.18332 -0.26724 0.12756 -0.25822 -0.27034 0.22262 0.15271 -0.21792 0.05908 -0.07473 -0.03036 0.00092 0.07952 0.08889 -0.0161 -0.03415 0.01699 -0.06026 0.03641 0.09491
0 -0.49022 -0.27726 -0.04606 0.2849 -0.07619 -0.15229 0.34867 0.09507 -0.08877 0.00058 0.07244 0.07191 0.07419 -0.1454 0.08089 -0.08142 -0.02996 0.16047 0.10381 -0.04203
1 -0.30229 0.01819 0.44326 -0.03747 0.14548 0.06385 -0.05567 0.03285 -0.20088 -0.18275 0.17149 -0.05525 -0.09151 0.17608 -0.06595 0.13173 -0.04661 0.0472 -0.00329 0.08106
0 -0.00128 -0.06578 -0.30215 0.07316 0.11356 0.136 -0.17349 0.21291 -0.26733 -0.2914 -0.35165 -0.13676 0.15851 0.14357 0.0367 -0.31104 -0.0452 0.03492 -0.02189 0.13899
0 0.04371 0.53571 0.19228 0.073 0.1398 -0.06847 -0.05525 0.00017 -0.07002 0.15639 -0.06715 0.27461 0.30095 0.00983 0.04565 0.06018 0.0115 -0.10428 0.03285 -0.09831
0 0.43621 -0.12496 0.20259 0.07746 -0.19405 0.00574 0.00488 -0.08242 0.02784 -0.0304 0.07746 -0.07355 0.03802 0.11161 0.03588 0.00067 0.03263 -0.02407 -0.07827 0.05683
1 0.49151 -0.04417 0.03065 0.07775 -0.30002 0.11901 -0.01784 -0.10536 -0.18725 -0.03378 0.04087 0.06931 -0.06224 -0.00062 -0.00377 0.00322 -0.02411 -0.04403 0.07331 0.10081
0 -0.14865 -0.01673 -0.09558 0.30858 0.12209 -0.16321 -0.165 -0.21133 0.35012 0.16255 -0.28344 -0.16692 -0.01431 0.18078 -0.14562 0.07149 -0.20446 0.01709 0.01047 -0.06623
0 0.08824 -0.092 -0.25557 -0.15137 0.24467 0.29685 0.14199 -0.07378 0.01838 -0.0425 -0.09832 0.34605 -0.08378 0.04984 -0.09407 0.12527 -0.11507 0.10363 -0.03815 -0.08388
0 -0.47408 -0.24629 -0.02521 0.41885 -0.01868 -0.12217 0.40559 0.02332 -0.15379 -0.03619 0.20412 0.00102 0.06209 0.16881 0.05106 -0.06643 0.01798 0.15221 0.15148 -0.14383
0 -0.27943 0.07357 -0.33051 0.10876 -0.10873 0.0826 -0.26716 0.06333 0.1791 -0.1847 0.26856 0.03591 0.18909 -0.12669 -0.4303 -0.03169 0.03668 -0.05587 0.00569 -0.01985
1 -0.39508 -0.01209 0.07182 0.02485 0.06561 0.12618 -0.22437 -0.09213 -0.11616 0.03185 0.05529 -0.07481 -0.07672 -0.11118 0.06878 0.01746 -0.04286 -0.04266 0.1875 0.03532
0 -0.48363 -0.17592 -0.10796 0.37849 -0.03565 -0.18372 0.17884 -0.15055 -0.08226 -0.00265 -0.11958 0.12738 -0.09293 -0.28075 -0.02377 -0.01209 0.00458 -0.17819 -0.19554 0.25462
0 -0.24609 -0.01196 -0.19529 0.23524 0.04726 -0.07297 -0.17115 -0.1839 0.32043 0.11573 -0.30925 -0.09088 -0.0596 0.15909 -0.14603 0.10519 -0.12101 0.04864 0.00531 0.03246
1 0.43359 -0.09098 0.12496 0.06091 -0.21144 -0.31264 -0.14211 0.06612 -0.00692 0.08319 -0.01038 0.00251 -0.14742 0.06328 -0.03213 -0.14208 -0.03441 -0.03503 0.03955 -0.03372
0 -0.22342 -0.3397 -0.00217 -0.17275 -0.00016 -0.15111 -0.05761 0.1879 0.0991 -0.11636 -0.02988 0.05757 0.20745 -0.13747 0.13737 0.1815 -0.09923 0.0075 0.25808 0.08119
1 0.04693 0.47321 0.33109 0.13282 0.17892 -0.03337 -0.04682 0.00624 0.05631 0.10246 -0.04885 0.17147 0.20571 0.02895 0.05383 -0.02599 0.03339 -0.16403 0.04599 -0.04725
1 -0.16488 0.20167 -0.24252 -0.02497 -0.03041 0.1427 -0.006 -0.00552 0.20812 -0.12487 0.03864 0.14823 -0.1393 0.04432 0.27299 0.02405 -0.13347 0.00834 -0.05387 -0.05118
0 0.49119 -0.27883 -0.08682 0.08335 0.27884 0.0181 -0.02268 0.04127 -0.01144 0.05164 0.13317 -0.08017 0.02556 -0.01898 0.06779 0.04291 0.01807 0.04755 -0.09861 0.09233
0 -0.09914 0.50329 -0.26575 -0.18488 -0.06816 -0.19594 0.01865 -0.12391 -0.10589 0.2135 0.08745 -0.02745 0.3219 0.03341 -0.00576 -0.01616 0.0101 0.09661 -0.065 0.06925
1 -0.38617 -0.24908 0.07654 -0.06119 -0.20822 0.15821 0.04826 0.24236 0.00212 0.20435 0.00035 -0.03511 0.11723 -0.09501 0.05827 0.02311 -0.0893 0.04482 -0.00125 0.03846
1 -0.33529 0.00244 0.41385 -0.25702 0.09857 0.14757 0.05194 -0.00262 0.01189 -0.09284 0.02201 -0.10769 -0.14043 -0.14232 -0.0428 -0.14832 0.00823 0.17841 -0.05662 -0.05149
1 0.21829 0.42897 0.30053 0.08894 0.07669 0.0177 0.20462 0.26588 0.17272 -0.12818 -0.03549 0.0407 -0.08574 -0.03901 -0.01482 -0.01853 0.02946 -0.04521 -0.00102 0.07545
1 0.03366 -0.32591 0.23924 -0.1559 -0.27514 -0.24163 -0.10721 0.11749 -0.04134 -0.13686 0.00267 0.04764 -0.00311 0.20365 -0.07929 0.11662 0.03279 -0.01491 -0.11024 -0.01009
0 -0.1556 -0.06999 -0.07537 -0.12249 -0.10754 0.28367 0.01728 -0.00938 0.07949 0.08553 -0.11013 0.11754 -0.14392 0.06235 -0.09456 0.00642 0.16517 -0.01523 -0.13395 -0.16595
1 0.35315 -0.18224 -0.27056 -0.02954 0.25858 -0.15944 -0.12257 0.1536 -0.20703 0.07886 0.03422 0.09021 -0.18147 0.02217 -0.09829 -0.06909 -0.04382 0.02613 0.00744 -0.01764
1 0.46253 0.05708 -0.01687 0.08179 -0.17154 0.15776 0.04087 -0.11855 -0.18081 -0.02875 0.01927 0.0079 0.04445 -0.0112 0.00127 0.0355 0.06421 -0.03603 -0.07188 -0.02333
0 0.41178 -0.09433 -0.08999 0.16929 0.29857 0.07522 -0.01356 0.00941 0.07067 0.05983 0.07346 -0.20266 0.10982 -0.16492 0.08973 0.09497 0.04021 0.08342 -0.10208 -0.06642
1 0.2783 -0.02164 -0.12924 0.07902 0.275 0.17515 0.01215 0.12586 -0.09641 -0.03089 -0.03401 0.33919 -0.09391 -0.00248 -0.09436 0.23199 -0.14295 0.26711 -0.1894 -0.04594
0 -0.28807 0.11196 -0.33667 0.01065 -0.09516 0.03255 -0.27063 -0.02453 0.20755 -0.09314 0.23048 0.15101 -0.0797 0.06866 0.2858 -0.13144 -0.0065 0.02964 -0.06764 0.01226
1 -0.03516 -0.08013 -0.34275 -0.04384 0.09272 0.18211 -0.01722 -0.10726 0.1666 -0.06414 0.0492 0.11537 -0.06044 0.04244 0.14133 -0.0241 -0.02313 -0.12857 0.05799 -0.04502
1 0.30586 0.1441 0.147 0.11487 -0.06223 0.16059 0.0269 0.08491 -0.0634 -0.05618 -0.06555 0.36262 -0.06162 0.02483 -0.07171 0.16667 -0.19376 0.16761 -0.06735 -0.00183
0 -0.5132 -0.26771 -0.06897 0.35554 -0.06242 -0.17649 0.36974 0.02351 -0.1172 -0.00435 0.05344 0.0958 0.03933 -0.17435 0.06356 -0.09491 -0.02273 0.09504 0.05605 0.00559
0 -0.37029 0.10139 0.42478 -0.13872 0.21126 0.07938 -0.18216 -0.2829 -0.19766 0.02316 0.04302 -0.02006 -0.07073 -0.09987 0.01173 -0.05455 -0.11149 0.00079 0.04793 0.05354
0 -0.28167 0.02959 0.47446 -0.04146 0.11831 0.0814 0.00785 0.12878 -0.0989 -0.20063 0.1649 -0.10092 -0.08578 0.13203 -0.05734 0.05743 0.02382 0.06191 -0.02354 0.03904
0 0.44339 -0.01435 -0.05709 0.22634 -0.25411 0.19895 -0.04115 -0.16348 -0.06581 -0.02134 -0.01288 -0.09946 0.02056 -0.20719 0.00645 0.0417 0.00402 0.0928 0.10272 -0.1276
0 -0.14662 0.00914 -0.14755 0.2416 0.12369 -0.02073 -0.10208 -0.2731 0.3982 0.1424 -0.24538 -0.17526 0.02859 0.21313 -0.12377 0.03839 -0.19692 0.07089 0.02637 -0.07243
0 -0.29004 0.22949 0.37361 -0.23702 0.17862 0.06367 -0.08359 -0.21605 -0.08985 0.08171 -0.0122 0.04031 -0.01352 -0.1419 0.04801 -0.17016 0.01 0.04961 -0.04286 -0.07785
0 -0.22868 -0.28981 0.09342 -0.18268 -0.21536 -0.10225 -0.10196 0.13769 0.07435 -0.11681 -0.0727 0.05082 0.13899 -0.10736 0.0844 0.14901 -0.12216 0.03235 0.16687 0.05646
0 -0.05434 0.45151 -0.27612 -0.40301 -0.1148 -0.17629 0.2461 -0.03659 -0.0928 0.04079 0.01825 -0.17172 -0.10653 0.00399 0.02325 0.05272 -0.04204 0.05317 -0.0586 0.0119
0 0.09427 -0.22663 0.20615 -0.33517 -0.20595 -0.28165 0.00688 -0.0644 0.1203 0.01211 -0.11062 0.04492 -0.02172 0.02589 -0.04776 -0.159 0.01472 -0.01693 0.00135 -0.06817
1 -0.36919 0.07385 0.26564 -0.10719 0.13146 0.15741 -0.20493 -0.18652 -0.16818 0.11537 0.07349 -0.11471 -0.11065 -0.02535 -0.01479 -0.09154 0.08101 -0.04944 0.06914 -0.02828
0 0.11349 -0.26902 0.17879 -0.337 -0.20517 -0.274 0.02227 -0.05246 0.12497 0.00072 -0.109 0.05527 -0.02802 0.04206 -0.05978 -0.15333 -0.00345 -0.02184 0.01504 -0.06828
0 0.05795 0.48157 0.30609 0.13819 0.17044 -0.03474 -0.04127 0.00908 0.07198 0.11005 -0.05569 0.17744 0.2124 0.02012 0.05983 -0.03064 0.03117 -0.15832 0.0477 -0.04641
1 -0.11486 0.20983 -0.38617 -0.11164 -0.06733 0.01301 0.10495 0.07571 -0.07688 -0.13256 -0.04031 -0.30047 -0.15679 -0.05261 -0.08615 0.33731 -0.02712 -0.15881 0.11936 -0.01297
0 -0.40046 0.0737 0.40722 -0.20144 0.16667 0.1155 -0.14674 -0.17091 -0.14051 0.01401 0.0186 -0.05149 -0.08648 -0.21599 0.00177 -0.12794 0.0211 0.06589 -0.04906 -0.11329
0 0.42317 -0.02976 0.1299 0.0729 -0.21295 -0.31286 -0.14515 0.05406 0.00649 0.1053 -0.01773 0.00417 -0.12956 0.04441 -0.01475 -0.15278 -0.0142 -0.04584 0.04879 -0.03699
0 -0.04042 0.42139 -0.20797 -0.38308 -0.09178 -0.21217 0.21623 -0.02291 -0.04823 0.07242 -0.01559 -0.06307 -0.15083 0.00053 0.03001 0.03602 -0.03478 0.10738 -0.0505 -0.01499
0 -0.11364 0.02773 0.05482 0.30151 0.09304 -0.06113 -0.16273 -0.12781 0.17552 0.04975 -0.1069 -0.17701 0.13194 0.08755 -0.02824 0.13654 -0.19498 -0.05084 0.19978 -0.12502
0 -0.34269 -0.05622 -0.21875 0.23543 -0.06633 -0.01338 0.02187 0.01057 -0.01329 -0.02258 -0.09418 0.09462 -0.0473 -0.22762 0.01233 0.04382 0.06333 -0.13179 -0.09413 0.13359
0 -0.14834 0.0019 -0.03141 0.33801 0.16624 -0.08396 -0.12786 -0.27798 0.26102 0.14107 -0.18791 -0.14636 0.06522 0.23756 -0.0868 0.08721 -0.22222 -0.01553 0.0187 -0.03289
0 -0.44631 -0.14223 -0.19878 0.39643 -0.05522 -0.15122 0.19988 -0.10792 -0.05922 -0.01965 -0.12872 0.14975 -0.08469 -0.30642 -0.01811 -0.01816 0.03982 -0.20924 -0.20426 0.2435
0 -0.24466 0.19265 -0.3748 -0.1188 -0.12162 0.02264 -0.10718 -0.01109 0.17139 -0.13971 0.17333 0.07092 -0.20383 0.09883 0.48384 -0.02608 -0.14695 -0.05543 -0.10635 -0.05123
0 0.49102 -0.11302 0.08953 0.13085 -0.3085 0.18591 0.00169 -0.14594 -0.08769 -0.06667 0.0458 -0.05181 -0.00256 0.01941 0.03664 0.03066 0.0176 -0.00495 -0.01366 0.09175
1 -0.30015 0.12657 0.46171 0.03189 0.23266 0.04017 -0.18833 -0.18079 -0.22989 -0.0538 0.1192 -0.01743 -0.04737 0.15634 -0.04984 0.09973 -0.00691 -0.11612 -0.01467 0.01065
0 -0.10408 0.49261 -0.16757 -0.23414 -0.02418 -0.23799 1e-05 -0.16688 -0.09431 0.26927 0.01556 0.08652 0.22085 0.04615 0.07233 -0.04156 0.05203 0.15119 -0.06592 0.02612
1 0.11822 -0.19314 0.04433 -0.3789 -0.27071 -0.14055 0.02108 -0.05757 -0.06231 -0.02968 -0.0804 0.13912 -0.08438 0.07786 -0.09208 -0.09836 -0.03864 -0.08441 0.12901 0.00985
0 0.52346 0.02439 0.11936 0.20788 -0.19219 0.02659 -0.04029 -0.10878 0.03362 0.05071 0.00659 -0.10103 0.05588 -0.12562 0.03255 -0.01161 0.01661 0.03055 0.04237 -0.11517
1 0.25792 -0.11983 -0.08796 -0.19941 -0.22022 0.26455 0.17958 -0.32645 0.06783 -0.02269 -0.06227 0.06103 -0.04987 0.03691 -0.01992 -0.06759 0.08407 -0.08295 0.01729 -0.05704
0 0.22764 0.43436 0.21114 0.10866 0.07 0.04246 0.21733 0.21217 0.23292 -0.10576 -0.07657 -0.01985 -0.05814 -0.14539 -0.04611 -0.02759 0.05014 -0.0069 0.04028 -0.02303
1 0.05743 -0.25537 0.11542 -0.37672 -0.24927 0.16388 0.10959 -0.14136 -0.00483 -0.04859 -0.06244 0.11267 0.03155 0.05082 -0.04416 -0.02486 0.01685 -0.08359 0.02838 0.03599
1 -0.03873 -0.34915 0.04086 -0.3663 0.18799 -0.2647 0.03844 0.061 0.15919 -0.00535 -0.05664 0.03211 0.03738 -0.08867 0.02779 -0.02644 0.06858 -0.05305 0.01357 -0.08628
1 0.31678 -0.18553 -0.16169 -0.02367 0.18598 -0.22156 -0.144 0.21594 -0.16091 0.05965 0.06645 0.04862 -0.10786 0.03797 -0.00164 -0.11868 -0.11011 -0.07382 0.13698 0.16492
0 -0.37434 -0.01773 0.06236 0.19777 0.07611 0.14871 0.02477 0.00197 -0.12212 0.10685 0.14407 -0.07247 -0.07861 0.29814 -0.06716 -0.03455 0.11387 -0.06576 0.07517 -0.13967
1 0.48709 -0.17203 -0.19565 0.04205 0.28245 0.07688 -0.02197 0.03088 -0.16683 0.0379 0.08677 0.01056 0.01046 -0.08671 -0.00504 0.03827 -0.00015 0.04363 -0.03158 0.03167
1 0.02929 0.12199 0.16209 0.29263 0.18784 -0.0982 -0.12299 -0.25076 0.19475 0.15883 -0.09854 -0.07952 0.14287 0.20491 -0.00751 0.06212 -0.15891 -0.0345 0.00631 -0.02781
1 -0.36229 -0.20575 0.02279 -0.03116 -0.21927 0.38125 0.01843 0.35721 0.00143 0.43126 0.00457 -0.03911 0.01675 0.10456 -0.04609 0.0111 -0.0847 -0.05074 -0.03336 0.09725
1 0.10295 0.04467 0.19442 0.21213 0.16249 -0.06289 0.04884 -0.12795 0.21877 0.00428 0.00812 -0.1406 0.04246 0.24335 -0.01635 0.01786 -0.12346 0.07992 -0.02993 0.05571
0 -0.22768 0.07082 -0.20149 0.10734 -0.05515 -0.04383 -0.25733 -0.05921 0.13943 0.11747 -0.16567 0.1207 -0.06886 0.07341 -0.00047 0.12284 0.53758 0.31162 0.2879 0.26455
0 -0.06363 0.21198 0.33636 -0.23874 0.07524 0.10077 0.25572 0.07535 0.19405 -0.13243 -0.01474 -0.09458 -0.1567 -0.06371 -0.03043 -0.17095 0.01021 0.09361 0.00295 0.05114
1 -0.37639 -0.14003 0.02838 -0.04073 -0.13013 0.22677 -0.00149 0.26017 0.00861 0.26913 -0.02299 -0.02572 0.01381 -0.14468 0.04644 -0.04576 -0.09145 0.01814 -0.01453 0.02444
0 -0.13333 0.22332 -0.21653 0.07863 -0.10668 0.04666 -0.05262 0.15138 -0.08502 -0.16057 -0.24869 -0.14941 0.1471 -0.06148 0.03848 0.04805 0.13375 -0.11688 0.0302 -0.14511
1 -0.01204 -0.42916 -0.00472 -0.31945 0.13731 -0.21157 0.04399 0.05753 0.17928 -0.01205 -0.09389 0.14103 0.06066 -0.02222 -0.0219 0.01318 0.02519 -0.02347 0.02095 -0.06573
0 -0.14258 0.20913 -0.21184 0.05606 -0.10797 0.05724 -0.03562 0.18274 -0.08725 -0.20772 -0.27002 -0.17101 0.07878 -0.01922 0.06406 0.09368 0.16406 -0.15663 -0.01496 -0.1503
0 -0.43049 -0.21411 -0.04572 0.40497 -0.00129 -0.08677 0.37515 -0.01174 -0.10063 -0.03671 0.17992 -0.03618 0.04697 0.24831 0.01998 -0.07191 0.05336 0.13872 0.12623 -0.2058
0 -0.38738 -0.23708 -0.05506 0.0871 -0.07607 0.0786 0.12 0.22054 -0.01256 0.10332 0.06897 -0.02738 0.16861 -0.07723 0.11606 0.06164 -0.05872 0.09896 0.16201 0.03092
0 -0.27247 0.08464 -0.34245 0.09666 -0.11368 0.08035 -0.24337 0.07126 0.16643 -0.19625 0.2664 0.00062 0.17036 -0.1389 -0.44767 -0.00565 0.02546 -0.07165 0.01256 -0.01548
0 0.4297 -0.11569 -0.07928 0.10322 0.33239 -0.01839 -0.00957 0.05008 0.04133 0.08889 0.11793 -0.12863 0.00796 -0.06789 0.07789 0.08143 0.11703 0.0249 -0.2046 -0.03493
0 0.34047 -0.00971 0.04561 0.00694 -0.21163 -0.25223 -0.1373 0.11513 -0.15205 0.05016 0.01942 0.07574 -0.11053 0.078 -0.00849 -0.1526 -0.12114 -0.1209 0.16705 0.12342
0 -0.50842 -0.21862 -0.1289 0.45051 -0.03803 -0.20922 0.32525 -0.1231 -0.09479 0.0028 -0.05532 0.12107 -0.04481 -0.22789 0.00198 -0.08783 0.00084 -0.1209 -0.11061 0.12494
0 -0.47691 -0.05641 0.27991 -0.05697 0.11206 0.13084 -0.18623 -0.13719 -0.2134 -0.00132 0.05936 -0.08391 -0.11977 -0.25096 0.03267 -0.00858 -0.1089 0.03795 0.05814 0.05264
1 -0.23185 -0.25108 0.25585 -0.34583 -0.12243 -0.19335 -0.03827 0.04485 0.08201 -0.06587 -0.11321 0.00984 0.06667 -0.17114 -0.01223 -0.03553 0.07618 0.07413 -0.14414 -0.21186
0 -0.33305 -0.06395 -0.03798 0.09872 0.01188 0.02746 -0.10294 -0.06908 0.02313 -0.02874 -0.02847 -0.01114 -0.00641 -0.12777 0.11646 0.04585 -0.10586 0.01185 0.11026 0.08663
0 -0.35266 0.00297 0.01019 0.01689 0.01282 0.14792 -0.19966 -0.01593 -0.11006 -0.03665 -0.03322 -0.06662 -0.04208 -0.12147 0.04517 0.04285 -0.00734 -0.01493 0.05006 -0.03132
0 -0.06934 0.23508 -0.00879 -0.11046 0.05674 0.22779 0.1742 -0.01114 0.21783 -0.01509 -0.02396 -0.06072 -0.19576 0.01714 -0.05267 -0.11355 0.12721 0.03176 -0.0501 -0.07889
0 -0.28545 0.10148 -0.28377 0.02976 -0.0845 0.04713 -0.24697 -0.05357 0.15812 -0.06557 0.08084 0.16117 -0.11643 0.0808 0.4312 -0.0262 -0.00397 0.05386 -0.0509 0.02299
0 0.46134 -0.16216 -0.21062 0.02893 0.28158 0.08342 -0.00908 0.02681 -0.17312 0.03647 0.08804 0.04906 -0.02716 -0.03658 -0.0117 0.05541 0.03575 0.03609 -0.10387 0.02336
0 -0.27678 0.07954 -0.34376 0.10402 -0.11421 0.08511 -0.2635 0.0697 0.18134 -0.20363 0.28519 0.01937 0.18459 -0.14001 -0.46827 -0.02541 0.02813 -0.06766 0.00951 -0.01676
1 0.00733 -0.25349 -0.11689 -0.4328 0.17137 -0.01909 0.08965 0.04757 -0.05561 -0.03956 -0.0613 0.17058 0.0193 0.03849 -0.0469 -0.01363 -0.0337 -0.09236 0.12949 0.01125
0 -0.01723 0.51732 -0.32693 -0.25393 -0.11004 -0.19404 0.16365 -0.04738 -0.09333 0.09644 0.09228 -0.15118 0.1124 0.01645 -0.0833 0.02513 -0.07047 0.10118 -0.02751 0.1197
0 -0.43504 -0.14104 -0.182 0.44099 -0.02878 -0.19192 0.21406 -0.13742 -0.06245 -0.04196 -0.08552 0.11185 -0.08438 -0.082 -0.06284 0.01188 0.07045 -0.19764 -0.18582 0.09394
0 -0.27768 -0.10243 -0.17476 0.03939 -0.04902 0.24201 -0.04875 0.1956 0.05568 0.15384 -0.10945 -0.01691 0.02688 0.05786 0.01499 -0.01629 0.05093 -0.0828 -0.01321 -0.02317
0 -0.28269 -0.04187 -0.17817 0.23702 0.05463 -0.104 -0.14419 -0.23135 0.31337 0.10893 -0.34421 -0.06118 -0.09511 0.11225 -0.15141 0.08955 -0.0996 0.01847 -0.07306 0.08662
0 -0.04801 0.50267 -0.32278 -0.31902 -0.10457 -0.13305 0.20475 -0.09232 -0.13078 0.06305 0.06253 -0.18856 0.10577 0.03313 -0.02896 0.02639 -0.05858 0.07558 -0.07465 0.09472
0 0.05306 0.18428 -0.26723 -0.34524 -0.17459 -0.07125 0.12398 -0.11997 -0.16223 0.05971 -0.03976 0.08374 -0.05409 0.03926 -0.04206 -0.07995 -0.01999 -0.00712 0.01882 -0.05285
1 0.5001 -0.02545 0.00568 0.09333 -0.28537 0.12719 -0.01863 -0.12292 -0.19769 -0.02948 0.02265 0.05711 -0.0552 -0.05175 -0.03301 0.03013 -0.00108 -0.0026 0.06828 0.01032
0 0.35074 -0.19303 0.01516 0.04093 0.3143 -0.0541 0.00841 0.06577 0.06929 0.02807 0.1598 -0.15798 0.07884 0.02451 0.10615 0.07498 0.08518 -0.02219 -0.13488 0.08436
1 0.27305 0.09366 -0.12845 -0.038 -0.22071 -0.1125 -0.07786 0.04694 -0.29228 0.02537 -0.05685 0.21321 -0.19482 0.0676 -0.12783 0.03071 -0.08326 0.07031 0.06027 -0.02762
1 -0.36482 -0.08005 0.29869 -0.03959 0.08917 -0.21015 -0.15941 -0.28798 -0.02096 0.01358 -0.12149 -0.02084 -0.05056 -0.13847 -0.01807 -0.00837 -0.06306 0.00997 -0.08002 0.09569
0 -0.00774 0.49802 -0.34352 -0.26253 -0.13192 -0.18412 0.2113 0.00905 -0.09348 0.04395 0.06517 -0.2189 0.01368 -0.02011 -0.09265 0.10363 -0.06644 0.04778 -0.0012 0.09174
0 -0.01128 0.49321 -0.22329 -0.31792 -0.07095 -0.24176 0.16816 -0.0728 -0.06361 0.14567 0.02177 -0.02089 -0.00877 0.03989 -0.00424 -0.00954 -0.04594 0.16719 -0.03891 0.06263
1 0.46742 -0.14468 0.14005 0.15925 -0.29714 0.08278 -0.04363 -0.10766 0.00221 -0.0263 0.03526 0.00449 -0.05907 0.03595 0.02374 0.06047 -0.02497 0.06745 -0.04271 0.05964
1 0.32422 0.16842 0.10267 0.13568 -0.05421 0.16461 0.02773 0.0645 -0.06387 -0.04851 -0.08802 0.35824 -0.05427 -0.03022 -0.09257 0.18645 -0.17658 0.20581 -0.06598 -0.08256
0 0.42345 -0.04848 0.20253 0.16064 -0.21747 -0.01516 -0.04765 -0.02806 0.0348 0.01373 0.06527 -0.06714 0.039 0.04043 0.10374 -0.05511 -0.04745 -0.08136 0.04844 0.15147
1 -0.41475 -0.02124 0.22508 -0.01996 0.10672 0.10601 -0.19919 -0.12146 -0.12592 -0.05072 0.0585 -0.07341 -0.06467 -0.20779 0.10343 0.02486 -0.16249 0.00564 0.21058 0.09381
0 -0.28201 -0.18295 0.03599 -0.07193 -0.19993 0.38263 0.04056 0.25882 0.02957 0.34311 -0.01017 -0.00216 -0.0315 0.17359 -0.08382 -0.01144 -0.00937 -0.05577 -0.06555 0.04745
0 0.49895 -0.06696 0.00972 0.14187 -0.28279 0.2115 0.01421 -0.20307 -0.06872 -0.04391 0.00601 -0.07697 0.01262 -0.10108 0.002 0.02965 0.02556 0.04771 0.04496 -0.04377
0 0.43502 -0.15776 -0.01674 0.09655 0.32946 -0.04732 -0.01349 0.07657 0.06006 0.075 0.14103 -0.16215 0.05353 -0.06248 0.11727 0.05179 0.06233 -0.00744 -0.12244 0.05851
0 0.18345 0.52491 0.17793 0.0485 0.08948 -0.0333 0.12434 0.14886 -0.0051 -0.00614 -0.06556 0.18865 0.06661 -0.01832 -0.03517 0.06245 -0.05437 0.0174 0.01512 0.0041
0 0.13508 0.37104 0.32762 0.14757 0.10209 0.02269 0.1178 0.19747 0.18634 -0.08798 -0.00414 0.03661 -0.01985 0.02477 0.02982 -0.0912 -0.04981 -0.0865 0.09537 0.17181
0 -0.32377 -0.07058 -0.12821 0.20595 -0.00173 -0.06245 -0.04734 -0.05004 0.02006 -0.05431 -0.07917 0.00403 -0.04454 0.02043 -0.05677 0.11867 0.06867 -0.05816 -0.10541 -0.05737
1 -0.14205 -0.35262 0.15083 -0.1216 0.1123 -0.29808 -0.06631 0.2318 -0.016 -0.1299 0.09089 -0.03095 0.11962 0.06551 0.03943 0.20726 0.06306 -0.00658 -0.06548 -0.00877
0 0.444 -0.14378 -0.0364 0.10521 0.3282 -0.04022 -0.01509 0.07027 0.06491 0.08421 0.13683 -0.16017 0.04512 -0.07612 0.11881 0.04216 0.05843 -0.00558 -0.1188 0.05293
0 -0.45533 -0.18155 -0.0719 0.445 0.01516 -0.1118 0.31147 -0.10718 -0.12947 -0.01615 0.11681 -0.00528 0.00647 0.17935 -0.00841 -0.05352 0.05119 -0.01261 0.0499 -0.1706
0 0.04552 -0.31689 0.24135 -0.35537 -0.18293 0.07316 0.1357 -0.14306 0.14564 -0.02763 -0.06737 0.01438 0.09503 0.01229 -0.00912 -0.08052 0.03967 -0.01041 -0.07027 -0.03491
1 -0.24795 0.07731 -0.31846 0.01133 -0.06267 0.09836 -0.11388 0.07259 0.08057 -0.17997 -0.05899 -0.01971 -0.12086 0.06706 0.35035 0.06491 -0.05098 -0.1422 -0.04064 -0.14182
1 0.03534 -0.42061 0.07176 -0.15644 0.1276 -0.30594 -0.06018 0.22098 -0.00514 -0.09262 0.06966 0.02895 0.08138 0.14605 -0.01171 0.14066 0.05444 -0.01868 -0.06382 0.01412
0 -0.05685 0.44078 -0.18132 -0.37406 -0.06065 -0.22231 0.16111 -0.09561 -0.05656 0.12994 0.0002 0.0051 -0.06816 0.03579 0.05138 -0.03907 -0.02987 0.16563 -0.07224 0.02109
0 -0.14463 0.44755 -0.12732 -0.28101 -0.01131 -0.21773 -0.01224 -0.19255 -0.09796 0.25224 -0.00155 0.10044 0.1506 0.02949 0.11971 -0.07025 0.06438 0.15246 -0.0957 -0.00722
0 0.36719 0.19396 0.06236 0.06727 -0.09055 0.00234 0.03171 -0.02024 -0.09724 0.04949 0.03224 0.02915 0.08611 -0.06612 0.05092 0.0118 0.13375 -0.0941 -0.08368 -0.07731
1 0.18277 -0.26684 0.2231 -0.28314 -0.18444 0.05751 0.1482 -0.18697 0.14153 -0.03038 -0.03148 -0.01693 0.08984 0.05864 -0.00424 -0.09395 0.0131 -0.02704 -0.00602 0.0267
1 0.12781 -0.31768 -0.13302 -0.39643 0.19283 -0.18602 0.05048 0.05816 -0.02152 -0.0032 -0.02101 0.14325 -0.00385 0.0433 -0.05314 -0.07206 -0.02414 -0.13179 0.18483 0.03173
0 -0.22811 0.10407 0.36913 -0.00543 0.11183 0.17528 -7e-05 0.14314 -0.0188 -0.06673 0.13001 -0.10874 -0.15694 0.19047 -0.1028 -0.01283 0.17193 -0.00098 -0.03757 -0.03541
0 0.04199 -0.06998 0.12577 -0.20671 -0.13669 0.2486 0.09481 -0.04282 -0.00713 -0.06232 -0.08765 0.28756 -0.0881 0.07065 -0.10678 0.08684 -0.15447 0.12319 -0.01472 0.04275
0 0.50042 -0.05835 0.01549 0.18695 -0.28469 0.19867 -0.01668 -0.17344 -0.07888 -0.04377 0.01022 -0.08857 0.01692 -0.12006 0.01348 0.03729 0.01113 0.05724 0.05836 -0.04191
0 0.20972 0.40918 0.11004 0.18518 0.04253 0.0439 0.14981 0.20958 0.2234 -0.07614 -0.10234 -0.01507 -0.00944 -0.21771 -0.04137 0.00692 0.0297 -0.00088 0.09898 -0.08682
1 -0.39351 0.01702 0.24387 -0.06959 0.09587 0.10226 -0.18833 -0.05889 -0.1089 -0.0482 0.05212 -0.05203 -0.02516 -0.2356 0.11557 0.00258 -0.13151 0.0261 0.19495 0.03896
0 0.24667 -0.20261 0.07667 -0.1517 -0.26481 0.20476 0.12812 -0.22124 0.0454 -0.07684 0.00254 -0.03727 0.07492 0.09375 -0.00059 -0.03453 -0.01822 -0.06379 0.10314 0.156
1 -0.10302 -0.07952 0.21719 -0.03349 0.15837 -0.03123 0.15777 -0.27364 0.2449 -0.00946 -0.05202 -0.12923 0.01444 0.13215 -0.02786 -0.10805 -0.15103 0.14593 0.01717 0.06676
0 -0.33528 0.01299 0.05684 0.07633 0.06536 0.11921 -0.19868 -0.02162 -0.17694 -0.11074 0.00296 -0.06993 -0.01679 0.05528 -0.00166 0.11442 0.03519 -0.06621 0.01732 -0.05507
0 -0.12671 0.49142 -0.25592 -0.24011 -0.06016 -0.14522 0.04781 -0.16551 -0.14753 0.18825 0.07037 -0.06406 0.30844 0.03752 0.04103 -0.02364 0.01379 0.07703 -0.11121 0.04426
0 0.0268 -0.03195 -0.3599 0.06096 0.14198 0.16312 -0.17312 0.20958 -0.34813 -0.32545 -0.42447 -0.12293 0.16777 0.12449 -0.01654 -0.31873 -0.04397 0.09331 -0.06059 0.0593
1 0.48616 0.02438 0.00192 0.2479 -0.16993 0.06615 -0.06127 -0.10824 0.02814 0.0596 -0.01303 -0.11385 0.03473 -0.21437 0.01182 0.00264 -0.01331 0.09064 0.09458 -0.19075
1 0.19634 0.45198 0.34496 0.11369 0.12759 0.00627 0.15016 0.17963 0.15181 -0.06972 -0.03012 0.08416 -0.01423 0.02035 -0.01231 -0.04475 -0.00536 -0.03745 0.01255 0.07794
1 -0.41046 -0.08529 0.26771 -0.10641 0.02414 0.14909 -0.0305 0.09764 -0.06065 -0.05123 0.06435 -0.11154 -0.0641 -0.20918 0.04054 -0.04395 -0.11566 0.16433 0.0943 0.0694
0 -0.06879 0.47 -0.25049 -0.3961 -0.08581 -0.18399 0.19321 -0.1052 -0.10245 0.09665 0.04398 -0.10257 -0.01662 0.03821 0.04402 -0.03393 -0.04435 0.11075 -0.088 0.04313
0 -0.25756 0.1663 -0.43538 0.03927 -0.13842 0.04186 -0.29848 0.0312 0.26112 -0.20857 0.44657 0.07681 0.11456 -0.06981 -0.29676 -0.15487 -0.04115 -0.0109 -0.03841 0.02291
0 0.00316 0.26828 0.27046 -0.1446 0.06486 0.0726 0.25389 0.09559 0.21573 -0.1314 -0.00495 -0.09601 -0.11149 -0.02695 -0.02516 -0.13752 -0.01992 0.04644 0.06647 0.11999
0 0.41535 -0.07884 0.23337 0.07928 -0.19473 -0.0071 -0.00378 -0.08421 0.03317 -0.02064 0.07221 -0.07385 0.05514 0.10398 0.0462 -0.00482 0.05126 -0.04315 -0.07812 0.0489
0 -0.37382 -0.15235 -0.0628 -0.02469 -0.18079 0.35025 -0.03141 0.3261 0.04377 0.45714 -0.07124 -0.02581 -0.02473 -0.02468 -0.03033 -0.0261 -0.01544 -0.09216 -0.12779 -0.01423
0 0.23409 0.43208 0.25191 0.12434 0.07805 0.03868 0.20736 0.24373 0.21734 -0.12202 -0.0617 7e-05 -0.07279 -0.10553 -0.03567 -0.01817 0.06364 -0.0293 0.00864 0.00332
0 0.21241 0.40943 0.30442 0.1067 0.07937 0.03771 0.20958 0.26339 0.21441 -0.13857 -0.03256 0.00336 -0.09156 -0.05348 -0.01252 -0.04762 0.04707 -0.05431 0.00949 0.07821
