0 0.58321 0.09793 -0.17458 -0.26393 -0.07549 -0.32603 -0.02293 -0.08809 0.00963 -0.17704 0.15344 0.25827 0.03413 -0.00388 -0.02148 -0.05222 -0.07202 -0.03334 -0.04301 0.00705
0 0.17145 0.15307 0.01387 0.45477 0.04172 0.02575 -0.05106 -0.09855 -0.07036 -0.03461 -0.00942 0.25088 0.03353 -0.07525 -0.00344 0.03127 0.1415 -0.02987 0.08588 0.09356
0 0.58824 0.1198 -0.18835 -0.19234 -0.05954 -0.2235 -0.08548 -0.07057 -0.08483 0.33474 -0.32501 -0.2287 -0.08676 0.08501 -0.03334 0.05621 0.04027 0.06196 0.04941 -0.07602
0 0.61204 0.1277 -0.18313 -0.22782 -0.06343 0.09586 0.02847 -0.21593 0.0593 -0.20986 -0.0964 0.24068 0.11193 -0.24281 -0.0309 0.03759 -0.09524 -0.02363 -0.03128 0.0496
0 0.61289 0.10297 -0.15351 -0.1709 -0.00367 0.37887 0.09341 -0.16789 0.10818 -0.23022 -0.06558 -0.17172 0.01689 -0.14737 0.02324 0.06536 -0.02061 -0.00537 -0.02528 0.00135
1 -0.28859 0.68545 0.42383 -0.07586 0.00832 -0.03069 0.03598 0.01808 0.06898 -0.02079 -0.04569 -0.03946 -0.0292 0.01535 0.01997 -0.09007 -0.15036 0.0477 0.00061 0.01963
0 -0.16717 -0.02719 -0.17665 -0.03416 -0.37306 0.06833 0.02277 0.19576 -0.02461 0.11925 0.12897 0.05304 0.07566 -0.01449 0.40589 0.34556 -0.174 0.0105 0.41333 0.16458
0 -0.40946 -0.22771 -0.24167 0.01983 -0.09552 -0.06394 0.31101 -0.11016 0.16877 0.06039 0.03116 -0.02951 0.06057 0.05084 -0.20362 0.01241 -0.07446 0.05675 0.15089 0.07777
1 -0.19911 -0.08909 -0.13427 0.04989 -0.32924 0.03312 -0.13397 -0.0142 0.21616 0.15857 0.08001 0.03156 0.00227 -0.05261 0.45182 0.0215 -0.11289 -0.12508 -0.02285 -0.11839
0 -0.22578 -0.21513 0.06436 0.06526 -0.12916 -0.04149 -0.01056 -0.22815 -0.09877 -0.00705 0.02911 -0.12031 0.44888 0.13623 -0.09477 0.04523 -0.13027 0.03045 -0.15187 -0.1159
0 0.52445 0.01901 -0.06201 -0.22989 -0.05491 0.2345 0.07069 -0.17999 0.05555 -0.30116 0.09873 -0.19436 -0.07064 -0.03961 0.07594 -0.0328 0.10608 0.05401 0.06322 0.02086
0 -0.19024 0.6496 0.43582 -0.0506 -0.08769 -0.03437 0.04031 0.01715 0.16235 0.0548 0.05441 0.04498 0.05484 -0.04097 -0.0872 0.20896 0.34484 -0.11612 0.00141 -0.03421
0 0.04599 -0.5617 0.46799 -0.06765 -0.13114 0.03211 0.14714 0.0658 -0.0576 -0.00857 -0.11016 0.05669 -0.10595 -0.05489 0.01988 -0.11867 0.06439 -0.00803 -0.02713 -0.00142
0 -0.47797 -0.02213 -0.27148 -0.11971 0.25801 -0.03175 0.25203 -0.10001 -0.16369 0.01842 0.01098 -0.01069 0.13718 0.03101 0.05885 0.00828 0.08568 -0.02281 -0.02836 -0.01626
0 -0.27424 -0.14198 0.05279 0.00436 0.03483 -0.01427 -0.25381 -0.20519 -0.14703 -0.07605 0.00466 -0.13457 0.48473 0.16276 -0.02461 0.0237 -0.07646 -0.07008 -0.07908 -0.11319
0 -0.49386 0.02104 -0.43776 -0.11405 -0.09113 0.02842 0.04527 0.19231 -0.04853 -0.09359 -0.06216 -0.00353 -0.00723 -0.00219 -0.05647 0.03925 0.08119 -0.05776 0.07486 0.03031
1 -0.17842 0.64083 0.43844 -0.03411 -0.08373 -0.03728 0.03326 0.00405 0.149 0.05035 0.05635 0.04115 0.07325 -0.03156 -0.08557 0.20855 0.32878 -0.11117 0.00896 -0.02872
0 -0.45624 -0.1771 -0.28525 0.02118 0.18624 -0.02705 -0.03964 -0.06906 0.16681 -0.01153 0.00831 0.00711 -0.10459 0.00361 -0.16993 0.0041 0.01127 -0.05131 0.14215 0.03016
1 -0.044 -0.5862 0.39551 -0.08899 -0.11249 -0.06298 0.13749 0.09481 -0.01868 -0.01203 -0.01317 0.00067 -0.0758 -0.04152 -0.05861 0.14168 -0.12155 -0.06539 -0.04049 -0.07017
1 -0.42294 -0.01402 -0.39231 0.03186 -0.32696 0.01352 0.19789 0.0552 0.19018 0.04161 -0.05686 0.00329 -0.00837 0.02708 0.04468 -0.19051 0.04448 0.02572 -0.02817 0.04848
1 0.50025 -0.02753 -0.05972 -0.24858 -0.0316 -0.25169 0.01886 0.01899 0.0232 -0.25706 0.39319 -0.23949 -0.15806 0.23208 0.06472 -0.0602 0.08528 -0.00225 0.02237 0.00114
0 0.54059 0.1257 -0.18563 -0.27416 -0.14848 -0.39311 -0.1083 -0.15721 -0.11918 0.19181 -0.18321 0.18501 -0.01761 -0.00559 -0.06863 0.00381 -0.0179 0.07292 0.05656 -0.08877
1 -0.01888 -0.58237 0.40741 -0.10068 -0.10847 -0.06244 0.15069 0.11294 -0.02509 -0.01097 -0.00573 0.00567 -0.1001 -0.05363 -0.06512 0.13965 -0.10415 -0.04096 -0.06359 -0.06749
0 0.0592 -0.5569 0.46712 -0.07777 -0.13882 0.03253 0.15196 0.07233 -0.0623 -0.01539 -0.10706 0.05313 -0.11212 -0.05409 0.0252 -0.1164 0.06815 -0.01882 -0.02754 -0.00827
1 -0.11213 -0.49021 0.33188 0.08525 -0.11316 0.00088 0.01232 -0.10937 0.024 0.01054 -0.09165 0.01047 0.0794 0.00127 -0.0114 -0.129 0.01663 0.05476 0.02125 0.05214
1 0.47477 -0.02247 -0.05207 -0.25509 -0.0482 -0.26087 0.01853 0.00248 0.00772 -0.2718 0.41648 -0.21713 -0.16339 0.24548 0.07841 -0.081 0.11039 0.0124 0.04326 0.00736
0 0.36043 -0.12965 -0.01595 0.18449 0.33739 -0.00546 0.06017 0.29881 0.14928 -0.05383 0.07896 -0.08388 0.02999 -0.0042 -0.02863 0.06936 -0.05809 0.04943 -0.02507 -0.03931
0 0.43541 -0.05185 -0.05279 0.23494 0.32988 -0.16344 0.06193 0.38222 0.15554 -0.03511 0.09277 -0.08935 0.05634 0.07519 0.0069 0.01958 -0.05154 0.01405 -0.06046 -0.04727
0 -0.20234 0.4071 0.13257 -0.00919 -0.07521 0.01425 -0.07891 0.09364 0.00341 -0.02376 0.0128 0.01477 -0.15642 -0.06321 -0.07806 -0.00874 -0.05681 0.14794 -0.08915 0.02173
0 0.53166 0.12279 -0.14512 -0.03078 0.08516 -0.09831 -0.04788 0.01711 0.02375 0.08905 -0.10746 0.32552 0.10886 -0.01957 -0.05138 0.02182 -0.0609 -0.08697 -0.01309 0.13085
0 0.57085 0.11106 -0.17714 -0.1604 -0.0231 -0.18746 -0.09234 -0.03978 -0.07456 0.35658 -0.32107 -0.22892 -0.07778 0.09313 -0.03145 0.06249 0.0341 0.04555 0.04195 -0.03519
0 -0.1332 -0.43282 0.28955 0.03665 0.10959 0.04025 -0.25837 -0.11886 0.03885 -0.01765 -0.06554 -0.00481 0.15946 0.06236 0.04819 -0.13988 0.10988 0.0551 0.11068 0.1396
0 0.54884 0.13865 -0.19495 -0.25517 -0.1417 -0.36601 -0.11066 -0.14856 -0.11562 0.22429 -0.23002 0.18451 0.00459 -0.03379 -0.08291 0.02391 -0.04573 0.05918 0.032 -0.08445
0 0.60104 0.11132 -0.16866 -0.24791 -0.07045 0.05783 0.03012 -0.22276 0.05138 -0.24035 -0.0502 0.24155 0.08985 -0.21389 -0.01675 0.01157 -0.06327 -0.01053 -0.00449 0.05416
0 0.48873 0.00812 -0.04519 0.28255 0.33183 0.03644 0.03259 0.27067 0.11831 0.09 -0.1509 -0.0369 0.06981 0.0299 0.0387 -0.06259 0.04075 0.05456 0.05675 0.01344
0 -0.0589 -0.4922 0.35014 -0.02299 0.11059 0.05803 -0.18743 -0.06577 0.01885 -0.00844 -0.06329 0.02048 0.09944 0.05447 0.04586 -0.14653 0.14966 0.07018 0.0878 0.1506
0 -0.08035 -0.31188 0.30281 -0.05394 0.17926 0.04192 -0.16797 -0.14393 -0.14847 -0.00188 -0.01051 -0.03863 0.30779 0.09167 0.13004 -0.12227 0.1655 0.16629 0.01815 0.17521
0 0.02395 -0.56401 0.46181 -0.05288 -0.13412 0.03067 0.13348 0.04513 -0.0517 -0.00859 -0.11716 0.05337 -0.08589 -0.0423 0.02765 -0.12312 0.05064 -0.0301 -0.007 -0.00115
1 -0.47691 0.059 -0.35749 -0.13756 0.03656 0.00104 0.15458 0.05955 -0.19284 -0.04628 -0.02812 -0.03343 0.17641 0.03229 0.09203 0.03703 0.08354 -0.07671 -0.13799 -0.09767
0 -0.33851 -0.11051 -0.16455 0.22796 -0.15778 -0.02213 0.16399 -0.20439 0.18761 0.02878 -0.03452 -0.0001 -0.0554 0.03879 -0.11945 -0.20308 -0.03414 0.05012 0.10229 0.06692
0 -0.14391 -0.16823 0.01956 0.04292 0.11088 -0.00453 -0.25474 -0.0878 0.11487 0.14095 0.19109 0.02637 -0.02392 -0.15378 -0.02915 0.20068 0.00159 0.47227 -0.24038 0.10616
0 -0.2559 -0.09018 -0.1587 0.01745 -0.14656 0.03519 -0.30268 -0.04457 0.25386 0.14647 0.08338 0.04263 -0.06031 -0.09635 0.39602 -0.00998 -0.01203 -0.03799 -0.17481 -0.11794
0 0.24962 0.06316 0.00144 0.08262 -0.06494 0.32656 -0.01126 0.07435 -0.17158 0.18989 0.38055 -0.10201 0.12004 -0.40749 -0.12581 -0.23975 0.02641 0.07355 0.21436 -0.30744
0 -0.28365 0.6882 0.43583 -0.06705 0.0149 -0.03425 0.0367 0.00512 0.06414 -0.02011 -0.04344 -0.04505 -0.01214 0.02306 0.02468 -0.08872 -0.15824 0.04777 0.00111 0.0188
0 -0.50087 -0.10052 -0.27313 -0.04478 0.2461 -0.01797 -0.06824 -0.07362 0.08744 -0.0267 -0.00276 0.01219 -0.1124 -0.02239 -0.16282 0.00843 0.01465 -0.0283 0.13732 0.04551
1 -0.07457 -0.5885 0.35519 -0.06396 -0.1125 -0.06816 0.11984 0.04234 0.01823 -0.00141 -0.0018 -0.01342 -0.01884 -0.01863 -0.07839 0.13529 -0.11608 -0.04025 -0.02903 -0.04978
0 0.02958 -0.55413 0.41001 -0.1267 -0.11883 -0.05867 0.15699 0.1382 -0.04225 -0.0218 0.01177 0.00434 -0.13059 -0.05436 -0.04534 0.13644 -0.08048 -0.05044 -0.07125 -0.07498
0 -0.04528 -0.4735 0.30922 -0.11986 0.17445 -0.00957 -0.14944 0.05551 -0.01646 0.00038 0.06002 0.01071 -0.02645 -0.00044 -0.04975 0.12657 0.02593 0.09501 -0.00936 0.09871
1 -0.03347 -0.58418 0.39819 -0.09707 -0.11175 -0.06173 0.13948 0.10098 -0.02311 -0.01434 -0.0101 0.00101 -0.08548 -0.04049 -0.05236 0.14283 -0.11819 -0.07341 -0.03758 -0.07135
0 -0.28421 0.6886 0.43545 -0.06736 0.0144 -0.03399 0.03612 0.00644 0.064 -0.02092 -0.04397 -0.04496 -0.01309 0.023 0.02364 -0.08858 -0.15829 0.04824 0.00201 0.01958
0 -0.287 0.14093 -0.28717 -0.06127 -0.40298 0.13003 -0.24073 0.44259 -0.26388 -0.25087 -0.13322 -0.01419 0.07254 0.03741 -0.08954 0.04071 0.05672 0.09726 0.00491 0.06647
0 -0.41334 -0.18646 -0.28146 0.01595 0.06618 -0.0182 -0.16202 -0.08692 0.29621 0.06337 -0.01477 0.02092 -0.13568 -0.02798 0.03042 -0.12273 0.07679 -0.09019 -0.08131 -0.07107
0 0.49098 0.04414 -0.10469 0.10456 0.13857 -0.27248 0.0268 0.19986 0.10203 -0.07612 0.03637 0.32315 0.15647 -0.04776 -0.00061 -0.03828 -0.04793 -0.04193 -0.06324 -0.03421
0 -0.46667 -0.0288 -0.25248 -0.1097 0.27103 -0.037 0.24305 -0.11434 -0.17715 0.01211 0.01386 -0.02285 0.1664 0.04332 0.05861 0.01441 0.07809 -0.02268 -0.03435 -0.02142
0 0.61117 0.0907 -0.13856 -0.11477 0.06711 0.44615 0.07367 -0.12349 0.10902 -0.14203 -0.09761 -0.15922 0.02338 -0.09457 0.01005 0.06774 -0.02071 -0.00843 -0.0013 0.04991
0 0.62348 0.11925 -0.1886 -0.16078 0.02369 -0.15799 -0.03072 -0.0459 0.02469 0.02526 -0.11176 0.31252 0.10027 -0.05497 -0.06378 0.00044 -0.08796 -0.07638 -0.02852 0.08904
0 0.41454 -0.01323 -0.04038 0.40917 0.24453 -0.07743 0.05214 0.20685 0.09932 -0.05773 -0.03912 -0.05701 0.06225 0.03909 0.084 -0.06214 0.03095 -0.02628 0.03005 -0.02869
1 -0.50187 0.01143 -0.45202 -0.0923 -0.09368 0.02762 0.01705 0.19741 -0.01679 -0.09786 -0.06638 -0.0007 -0.03762 -0.0067 -0.06412 0.03137 0.07787 -0.06524 0.06349 0.02101
1 -0.48594 0.06291 -0.42354 -0.07488 -0.08837 0.04726 -0.0968 0.23341 -0.04091 -0.13704 -0.08953 0.00869 -0.1078 -0.02842 -0.07547 0.00949 0.06841 -0.0627 0.02296 0.0005
0 0.55614 0.13754 -0.19555 -0.23365 -0.11576 -0.35881 -0.1157 -0.12729 -0.10781 0.25029 -0.25225 0.19213 0.01668 -0.03078 -0.08375 0.02857 -0.04828 0.04393 0.02896 -0.05717
1 -0.27012 0.69436 0.44236 -0.06718 -0.00771 -0.03285 0.04004 0.01806 0.08671 -0.01199 -0.03331 -0.03731 -0.02081 0.01705 0.00619 -0.06579 -0.13084 0.04612 0.00529 0.02139
0 0.61398 0.07086 -0.13578 -0.16743 0.02286 0.41889 0.07439 -0.17346 0.10139 -0.14104 -0.14981 -0.22059 -0.01278 -0.1206 0.02354 0.08051 0.0008 0.01419 -0.00066 -0.00663
1 -0.36775 -0.09536 -0.10214 0.08749 0.06786 -0.01771 -0.40439 -0.14607 0.08495 -0.11265 -0.0191 -0.09458 0.10837 0.04533 -0.14988 0.0126 -0.12695 -0.15246 0.0328 -0.12892
0 0.36231 0.11174 -0.09897 -0.06834 -0.09578 -0.06965 -0.09874 0.08223 -0.20601 0.42008 0.20947 -0.27529 0.0138 -0.20186 -0.15774 -0.11854 -0.07098 -0.32559 -0.17954 0.41916
0 -0.19264 -0.03842 -0.20348 0.01626 -0.34525 0.05108 0.02295 0.08904 0.1326 0.18366 0.10327 0.06178 -0.019 -0.03798 0.51967 0.14665 -0.11843 -0.06277 0.23671 0.06467
0 -0.00433 -0.57687 0.40948 -0.10902 -0.11716 -0.06271 0.15492 0.11992 -0.03085 -0.0174 -0.00242 0.00316 -0.10695 -0.0513 -0.05769 0.13742 -0.09841 -0.05283 -0.06291 -0.07336
0 -0.44478 0.10408 -0.11657 -0.19531 0.44106 -0.01028 0.15071 -0.04319 -0.31621 -0.00823 -0.00484 0.03765 -0.05812 -0.05381 0.12851 0.04548 -0.00467 -0.04304 -0.02226 -0.03911
0 -0.40992 -0.2427 -0.25023 0.05844 -0.09584 -0.0661 0.29345 -0.11258 0.2067 0.06088 0.02779 -0.02456 0.0239 0.04501 -0.20999 0.00325 -0.08111 0.05101 0.13402 0.06432
0 -0.00263 -0.56492 0.42776 -0.025 -0.13297 0.02435 0.11188 -0.00674 -0.02083 0.00023 -0.10568 0.04107 -0.03569 -0.02131 0.0134 -0.13136 0.05703 -0.00718 0.00416 0.02024
0 -0.23519 0.16049 -0.23031 -0.02328 -0.38079 0.13121 -0.31454 0.41363 -0.26679 -0.25222 -0.12057 -0.00949 0.02041 0.02353 -0.10286 0.02926 0.03502 0.09826 -0.05099 0.02779
0 -0.21107 0.21242 -0.14899 -0.06554 -0.32004 0.1299 -0.29986 0.41641 -0.31079 -0.24293 -0.11689 0.00256 -0.02461 -0.00537 -0.08912 0.0246 0.0048 0.12499 -0.06876 0.02667
0 -0.25981 0.18203 -0.23832 -0.07913 -0.38234 0.13451 -0.25598 0.4488 -0.30185 -0.2567 -0.13304 -0.01337 0.06656 0.02724 -0.08882 0.03589 0.05083 0.11669 -0.02204 0.05899
0 0.51758 -0.00927 -0.07313 -0.25015 -0.0355 -0.2542 0.01794 0.00958 0.02425 -0.26417 0.38858 -0.22686 -0.15238 0.23288 0.06833 -0.07301 0.08972 0.00076 0.02404 0.00455
1 -0.42033 -0.0709 -0.42548 0.02505 -0.26792 -0.01407 0.26474 0.07985 0.15942 0.04611 0.02053 -0.01072 0.02033 0.02311 -0.12555 0.0421 -0.0237 0.11708 0.02746 0.08453
0 -0.41594 -0.15499 -0.17181 0.08819 0.05489 -0.0279 -0.30569 -0.1372 0.15886 -0.08649 -0.02563 -0.0714 0.05721 0.03649 -0.13878 -0.02214 -0.08706 -0.17457 0.04628 -0.12232
0 0.39199 0.03925 -0.03834 -0.05647 0.00617 0.56644 0.03312 -0.06027 -0.02041 0.15438 0.01463 0.17455 -0.13013 0.38884 -0.04845 0.05911 -0.03329 -0.07479 -0.11732 -0.02209
0 0.17694 0.0519 0.02811 0.06902 -0.09763 0.35407 -0.0221 0.06933 -0.20488 0.27144 0.3856 0.07743 0.03797 -0.14712 -0.14179 -0.21107 0.02126 0.08678 0.17155 -0.35691
0 0.41694 0.05259 -0.04824 -0.06041 -0.01168 0.54829 0.06141 -0.05651 -0.00969 0.08464 0.04893 0.16385 -0.10259 0.34096 -0.05083 0.05316 -0.04472 -0.08389 -0.13042 -0.04343
0 -0.48188 -0.1563 -0.27211 -0.06418 0.18416 -0.03527 0.03242 -0.0808 0.08232 -0.01986 0.00793 -0.01065 -0.02428 0.01293 -0.15591 0.01801 0.02477 -0.04434 0.18192 0.0594
0 0.62801 0.08797 -0.14521 -0.14773 0.03689 0.42624 0.09091 -0.14947 0.11527 -0.19342 -0.094 -0.1871 0.01661 -0.13032 0.01872 0.06639 -0.01662 -0.00626 -0.00946 0.01668
0 0.05248 -0.54874 0.4429 -0.05722 -0.10439 0.02693 0.15848 0.06271 -0.04337 -0.00536 -0.0886 0.04574 -0.10824 -0.05694 0.00135 -0.09446 0.05233 0.03238 -0.02618 0.00471
0 0.4783 0.09083 -0.13514 -0.28921 -0.17713 -0.39601 -0.11116 -0.16793 -0.12983 0.09679 -0.02639 0.14847 -0.07551 0.06527 -0.02419 -0.04315 0.05845 0.11232 0.10216 -0.09055
1 -0.48852 0.00348 -0.45241 -0.05854 -0.10083 0.02845 -0.02337 0.20041 0.01557 -0.09881 -0.06473 0.00363 -0.07359 -0.01144 -0.0736 0.02636 0.06903 -0.06753 0.05022 0.01103
1 -0.18746 0.6524 0.44313 -0.04301 -0.08411 -0.03703 0.03922 0.00984 0.15981 0.0535 0.05496 0.04378 0.06458 -0.03653 -0.08635 0.21078 0.34196 -0.1169 0.00384 -0.033
0 0.13297 0.1197 -0.00484 0.61299 -0.1255 -0.11602 0.03159 -0.19455 -0.16479 -0.08738 -0.00834 0.14645 -0.0558 -0.09195 0.01791 0.09025 0.10729 -0.02441 -0.01878 0.04048
0 -0.41393 -0.0583 -0.15001 -0.0701 0.37671 0.00952 -0.1348 0.00987 -0.00586 -0.02618 -0.00148 0.06678 -0.28549 -0.07297 -0.10637 0.0482 -0.05086 -0.05096 0.12378 0.01476
0 0.51712 0.0561 -0.11747 -0.29607 -0.11831 -0.35653 -0.03727 -0.11221 -0.0192 -0.25099 0.30437 0.19808 -0.04731 0.09068 0.02344 -0.10198 0.02571 0.01819 0.02358 0.00398
0 0.55124 0.06444 -0.09354 0.16973 0.1753 -0.01138 0.07954 0.156 0.10986 -0.11746 -0.05812 0.30905 0.20367 -0.14242 0.00428 -0.07131 -0.0081 -0.03322 0.02631 0.00853
0 -0.14747 -0.15149 -0.04242 -0.00222 -0.0622 0.01426 -0.35408 -0.07318 0.15945 0.13625 0.10855 -0.00684 0.00467 -0.04658 0.37811 0.12222 -0.05376 -0.07904 -0.03341 -0.06653
0 0.06091 0.11975 0.00248 0.72995 -0.1494 -0.11637 0.03277 -0.23404 -0.19327 -0.1509 0.00778 -0.048 -0.13934 -0.00459 0.02823 0.06819 -0.00232 -0.01612 -0.0407 0.00876
1 0.04019 0.0027 -0.07985 0.33333 -0.07546 -0.14948 0.05594 0.05312 -0.0468 -0.0427 0.18127 -0.0901 0.00852 0.04026 -0.10689 0.24521 -0.14782 0.03682 -0.15833 -0.09948
0 0.45922 -0.02754 -0.06038 0.24533 0.32187 -0.16272 0.06549 0.38088 0.15554 -0.03904 0.08272 -0.07244 0.06819 0.08067 0.01554 0.00199 -0.04471 0.00921 -0.05783 -0.0427
0 0.52773 0.06944 -0.10985 -0.27069 -0.11176 -0.01404 0.01045 -0.22461 0.01412 -0.28706 0.08956 0.19382 0.01926 -0.12079 0.0245 -0.04899 0.02928 0.03925 0.05264 0.05431
0 -0.4364 0.09847 -0.10357 -0.18758 0.45033 -0.01305 0.14394 -0.05211 -0.31995 -0.00999 -0.00245 0.03023 -0.03886 -0.04495 0.1287 0.0478 -0.01013 -0.04189 -0.02633 -0.04166
0 -0.29841 0.58046 0.33239 -0.07305 0.07317 -0.00247 0.0052 -0.02229 -0.05992 -0.04486 -0.05535 -0.03278 -0.00829 0.02944 0.04905 -0.13765 -0.20474 0.05099 0.02619 0.01662
0 0.12637 0.1037 0.02126 0.64784 -0.11512 0.01898 0.04724 -0.24321 -0.20889 -0.11683 0.01319 0.03083 -0.12217 -0.04837 0.02869 0.01225 0.05879 0.04031 0.0473 0.04751
0 -0.19724 0.0505 -0.05879 0.05415 -0.23409 0.04233 -0.36669 0.04195 -0.1301 -0.15787 -0.01189 -0.10362 0.27962 0.10652 -0.15061 0.09841 -0.15369 -0.08848 -0.05062 -0.16857
0 0.45354 -0.05218 -0.03262 -0.23554 -0.00086 -0.24905 0.00726 0.031 0.01467 -0.24282 0.40061 -0.22505 -0.15631 0.24326 0.07067 -0.05724 0.09797 0.00306 0.04527 0.03088
0 0.26028 0.11523 -0.00468 0.08534 0.03624 0.48203 -0.02996 0.01161 -0.07964 0.23256 0.12134 0.31444 -0.09508 0.45954 -0.06854 0.03601 -0.04873 -0.04252 -0.03933 0.07222
0 0.49964 0.06499 -0.1188 -0.26145 -0.13288 -0.28843 -0.0829 -0.11923 -0.10932 0.15635 -0.08031 -0.21848 -0.16774 0.16792 0.02436 -0.02656 0.14438 0.12599 0.12193 -0.10265
0 -0.44215 0.10459 -0.11396 -0.19342 0.44275 -0.01002 0.15115 -0.04636 -0.31691 -0.00585 -0.00347 0.03769 -0.05458 -0.05207 0.13203 0.04406 -0.00468 -0.04328 -0.02917 -0.04296
0 -0.35404 -0.2202 -0.10756 -0.00292 0.05268 0.01453 -0.35408 -0.09912 0.17538 0.01968 -0.02582 0.00326 0.01189 0.01934 0.00066 -0.06024 0.03589 -0.05358 -0.08419 -0.04582
0 -0.15226 0.43222 0.33881 0.04466 0.0011 -0.00684 -0.10954 -0.1105 -0.00232 -0.00059 0.00864 -0.04904 0.09259 0.05139 0.023 -0.08474 -0.14992 0.05169 0.03514 0.01685
0 0.13473 0.10332 0.02663 0.10651 -0.08541 0.28526 -0.0587 0.07151 -0.20226 0.27884 0.36295 0.14421 0.02608 -0.06562 -0.11855 -0.15754 0.01909 0.14717 0.16037 -0.28043
0 -0.44739 0.10416 -0.12174 -0.19585 0.43779 -0.00892 0.14995 -0.03942 -0.31082 -0.00737 -0.00573 0.04097 -0.06805 -0.05712 0.1263 0.04418 -0.00308 -0.0437 -0.02059 -0.03827
1 -0.2878 0.68611 0.42525 -0.0769 0.00878 -0.03105 0.03794 0.01681 0.0683 -0.01963 -0.04487 -0.04 -0.02659 0.01559 0.0218 -0.08962 -0.1506 0.04767 -0.0008 0.01868
0 0.1131 0.14656 0.0759 0.27933 0.06902 0.2916 -0.05848 0.003 -0.09918 0.14345 0.08041 0.26022 -0.10519 0.27433 -0.05107 -0.07109 0.00968 0.0294 0.09782 0.0359
1 -0.00828 -0.0573 0.06929 0.02192 -0.18447 0.08112 -0.06171 -0.06791 -0.11299 0.1325 0.156 0.01271 0.10152 -0.07849 -0.07365 -0.06008 -0.01267 0.0866 0.02313 -0.11809
0 0.59257 0.11471 -0.18643 -0.23816 -0.06806 -0.28923 -0.02655 -0.07827 0.01515 -0.13731 0.09406 0.26316 0.06298 -0.04166 -0.03766 -0.02997 -0.10556 -0.04596 -0.07232 0.00642
0 0.61759 0.09104 -0.14765 -0.17725 8e-05 0.39739 0.09643 -0.1724 0.1098 -0.22481 -0.07668 -0.2003 0.00683 -0.15034 0.02372 0.068 -0.01394 -0.00017 -0.019 -0.01044
0 -0.44102 -0.03446 -0.13389 -0.14299 0.37185 -0.00589 -0.06669 -0.01204 -0.08645 -0.04029 -0.00379 0.0455 -0.21791 -0.07418 -0.08388 0.05988 -0.04161 -0.05036 0.15805 0.03645
0 -0.02473 -0.50484 0.35198 -0.03452 0.05132 0.05159 -0.12913 -0.05496 0.01191 -0.02849 -0.06797 0.00841 0.09495 0.06572 0.05612 -0.15821 0.1477 0.00744 0.10046 0.11273
1 -0.30185 -0.25757 -0.10813 0.04473 0.06958 -0.04647 -0.31594 -0.16862 0.25343 0.03599 0.01429 -0.05095 0.0227 -0.00298 0.00701 -0.04412 0.01238 -0.07669 -0.11184 -0.11012
0 0.53751 -0.00806 -0.06128 0.25865 0.30627 0.01397 0.06486 0.26518 0.12906 0.05542 -0.16168 -0.06516 0.07341 0.01838 0.044 -0.07246 0.0447 0.03974 0.05093 -0.02224
0 -0.04856 -0.36239 0.31683 -0.0619 0.1344 0.03522 -0.11881 -0.13294 -0.14508 -0.02026 -0.01821 -0.04955 0.31004 0.10092 0.13453 -0.1393 0.18276 0.13267 0.02522 0.15695
0 -0.30849 -0.18107 0.00486 -0.01641 0.35 -0.0213 -0.31558 -0.08224 0.05253 -0.0334 0.03417 -0.00821 -0.11989 -0.05345 -0.12268 0.0917 -0.09817 -0.03112 0.05313 -0.02691
0 0.03398 -0.56236 0.46258 -0.06211 -0.13352 0.0336 0.13614 0.05111 -0.05521 -0.01086 -0.11487 0.05331 -0.09427 -0.04098 0.03196 -0.12006 0.05308 -0.03732 -0.00528 -0.00298
0 0.05613 -0.56062 0.46604 -0.07687 -0.11906 0.03449 0.14073 0.0682 -0.05742 -0.01321 -0.10431 0.05368 -0.10754 -0.05139 0.02002 -0.11851 0.07551 -0.00117 -0.02677 0.00437
0 0.01658 -0.52712 0.43333 -0.04794 -0.15779 0.03407 0.10868 0.03047 -0.05866 -0.01743 -0.11682 0.04286 -0.06241 -0.01768 0.05993 -0.11861 0.02964 -0.10077 0.03275 -0.01791
0 -0.4045 -0.0024 -0.16117 0.13099 0.04832 0.02425 -0.12393 -0.12364 0.1317 -0.06038 -0.08954 0.01064 -0.10024 0.04671 -0.05767 -0.23417 0.01549 -0.11826 0.16924 0.02569
0 0.57153 0.1209 -0.18159 -0.1617 -0.03214 -0.19386 -0.09435 -0.04714 -0.07959 0.35923 -0.32667 -0.21347 -0.07403 0.0931 -0.03347 0.06064 0.03384 0.04947 0.04415 -0.0376
0 -0.40446 0.19832 -0.20954 -0.07705 -0.03008 0.06352 -0.17438 0.18172 -0.0304 -0.09248 -0.1124 0.05371 -0.27447 -0.09532 0.05376 -0.17533 0.03227 -0.00905 -0.13021 -0.03454
0 -0.28391 0.68844 0.43574 -0.06713 0.01468 -0.03415 0.03636 0.00572 0.064 -0.02058 -0.04372 -0.04508 -0.01247 0.02312 0.02412 -0.08862 -0.15837 0.04805 0.00166 0.01926
0 -0.26573 0.69753 0.45359 -0.05851 -0.00182 -0.03618 0.04043 0.00654 0.08214 -0.01199 -0.03157 -0.04251 -0.00532 0.02442 0.01023 -0.06461 -0.13836 0.04632 0.00642 0.02119
0 -0.39979 -0.10428 -0.25437 -0.02849 -0.01028 -0.05544 0.46109 -0.13162 -0.04831 0.09149 0.04291 -0.03454 0.2263 0.07627 -0.01669 0.00537 -0.001 0.08577 -0.04445 0.01573
0 -0.10917 -0.26002 0.10517 -0.03357 0.31761 -0.01669 -0.21796 0.00124 0.06437 0.072 0.14938 0.01984 -0.10997 -0.11259 -0.0988 0.19396 -0.01558 0.30844 -0.07836 0.10802
0 -0.17703 -0.46917 0.23586 -0.06264 0.2066 -0.02284 -0.27275 -0.03147 0.03378 -0.01264 0.0378 -0.02252 0.09083 0.01899 -0.05768 0.13485 -0.00762 0.07781 0.03057 0.09624
0 -0.38733 -0.24496 -0.24928 0.10626 -0.09884 -0.06308 0.25595 -0.10772 0.23444 0.05996 0.02864 -0.01743 -0.01996 0.03715 -0.21109 0.00099 -0.08883 0.04555 0.11322 0.04741
0 0.26159 0.10831 -0.0045 0.08239 0.0452 0.4949 -0.03272 0.00753 -0.07781 0.23949 0.11285 0.31337 -0.10413 0.46908 -0.06765 0.03576 -0.04745 -0.04424 -0.0381 0.07242
1 -0.18708 0.65205 0.44329 -0.04278 -0.08377 -0.03718 0.03958 0.00899 0.15982 0.05399 0.05527 0.04372 0.06519 -0.03649 -0.0856 0.21056 0.34179 -0.11714 0.00326 -0.03347
0 0.59962 0.11274 -0.1856 -0.21171 -0.03492 -0.27882 -0.0314 -0.05188 0.02516 -0.11157 0.07329 0.2753 0.07784 -0.03786 -0.04143 -0.02335 -0.10956 -0.05951 -0.07374 0.03299
0 -0.16894 -0.02369 -0.17355 -0.04507 -0.36643 0.06666 0.03787 0.19028 -0.03741 0.11891 0.1293 0.05037 0.09107 -0.01323 0.40174 0.34414 -0.16816 0.01395 0.41437 0.16647
0 -0.43742 0.09859 -0.10487 -0.18801 0.44986 -0.01277 0.1433 -0.05046 -0.31973 -0.01095 -0.00294 0.03046 -0.04082 -0.04515 0.12683 0.04873 -0.0106 -0.04168 -0.02336 -0.0401
0 -0.48231 -0.17149 -0.28385 -0.02767 0.19206 -0.0337 0.0015 -0.07878 0.12726 -0.01693 0.00558 -0.00274 -0.06293 0.00793 -0.16397 0.008 0.02056 -0.05032 0.16442 0.04585
1 -0.18892 0.65125 0.43949 -0.04876 -0.08592 -0.03531 0.04151 0.01349 0.16169 0.05586 0.05543 0.04448 0.05948 -0.0391 -0.0854 0.20975 0.34417 -0.11691 0.00065 -0.0351
0 0.08926 -0.5359 0.46016 -0.09983 -0.14005 0.03762 0.15608 0.09184 -0.07093 -0.02037 -0.09224 0.05146 -0.13174 -0.05785 0.03144 -0.10478 0.0785 -0.01712 -0.03703 -0.01432
1 -0.43209 -0.06548 -0.42747 -0.0089 -0.26274 -0.01262 0.30009 0.0798 0.13439 0.04991 0.01934 -0.01383 0.05811 0.0304 -0.11963 0.04497 -0.01522 0.12044 0.04105 0.09544
0 -0.14344 -0.52267 0.26307 -0.0707 0.14986 -0.0387 -0.20248 -0.01286 0.04192 -0.02823 0.03301 -0.03582 0.09741 0.03738 -0.05145 0.12271 -0.0075 0.02661 0.04274 0.06958
0 -0.47582 0.07585 -0.3135 -0.10573 0.01115 0.0091 0.1084 0.00321 -0.06984 -0.00527 -0.07185 -0.01189 0.10229 0.02424 0.21183 -0.16135 0.12717 -0.10147 -0.18333 -0.09679
0 -0.48148 0.07116 -0.39154 -0.04312 -0.1639 0.04596 -0.0535 0.14344 0.08788 -0.06899 -0.11995 0.0164 -0.10154 -0.01736 0.06681 -0.21389 0.12396 -0.06948 -0.07379 -0.01189
0 0.62166 0.1266 -0.18176 -0.2007 -0.03179 0.11537 0.02422 -0.19359 0.06613 -0.18207 -0.11585 0.25923 0.12514 -0.23022 -0.03579 0.03965 -0.09617 -0.0353 -0.02633 0.07833
0 0.54158 0.02255 -0.07325 0.24397 0.26346 0.01165 0.1122 0.29408 0.13487 -0.07869 0.0011 -0.03604 0.1157 0.00514 0.02978 -0.06065 -0.00491 -0.01092 0.01265 -0.03362
0 0.37119 0.11065 -0.10185 -0.08487 -0.11148 -0.08609 -0.09186 0.06984 -0.2055 0.40049 0.20977 -0.28189 0.00611 -0.20048 -0.15449 -0.11983 -0.06671 -0.31794 -0.17826 0.39663
0 -0.45946 0.12519 -0.34836 -0.02743 -0.14183 0.05892 -0.14816 0.16166 0.07128 -0.09114 -0.12354 0.02879 -0.1803 -0.04848 0.04385 -0.21833 0.10629 -0.03377 -0.12801 -0.02417
0 -0.19066 0.64912 0.43481 -0.04972 -0.08795 -0.03417 0.03903 0.01792 0.16266 0.05399 0.05386 0.04556 0.05311 -0.04113 -0.08836 0.20857 0.34483 -0.11604 0.00232 -0.03349
1 -0.35266 -0.24106 -0.24369 0.08812 -0.18247 -0.04956 0.13204 -0.11451 0.33985 0.12418 0.00425 0.00129 -0.05674 0.0058 -0.02015 -0.12155 -0.0224 0.00195 -0.07904 -0.04157
1 -0.26879 0.69684 0.44741 -0.06731 -0.00581 -0.03425 0.0427 0.01421 0.08497 -0.01099 -0.03228 -0.0396 -0.01367 0.01901 0.00905 -0.06498 -0.1332 0.04632 0.00444 0.02058
0 0.26874 0.01236 -0.00329 -0.00141 0.03898 0.50868 -0.02586 -0.03405 -0.04699 0.22195 0.03026 0.19012 -0.14436 0.37597 -0.02824 0.03538 -0.01085 -0.04274 -0.05662 0.00722
0 0.02563 -0.56408 0.46214 -0.05498 -0.13363 0.03134 0.13281 0.04575 -0.05266 -0.01002 -0.11746 0.05288 -0.08672 -0.04094 0.02923 -0.12333 0.05139 -0.03417 -0.00498 -0.00156
0 -0.3881 -0.08851 -0.25283 0.02576 -0.07579 0.01322 -0.27275 -0.06563 0.26367 0.02502 -0.03297 0.00499 -0.0788 -0.03521 0.10316 -0.17283 0.03601 -0.17921 -0.1507 -0.17505
0 -0.01044 -0.42607 0.2584 -0.07934 -0.12217 -0.03993 -0.00982 0.06023 -0.00824 -0.034 0.04303 -0.03183 0.05112 0.03546 0.0401 0.09992 -0.03361 -0.1323 0.05089 -0.05586
1 -0.42503 -0.05554 -0.41574 -0.03316 -0.25609 -0.00916 0.31605 0.0796 0.10427 0.05222 0.02162 -0.01539 0.08658 0.03537 -0.11249 0.05072 -0.00938 0.12226 0.05326 0.10261
0 -0.47599 -0.10822 -0.27559 0.00264 0.23816 -0.01097 -0.10955 -0.06493 0.12653 -0.02049 0.00138 0.02259 -0.15274 -0.0257 -0.16995 0.00488 0.00746 -0.02694 0.11594 0.03217
0 0.31692 -0.11175 -0.01119 0.20102 0.37237 0.01397 0.01818 0.29588 0.13336 -0.01824 0.07644 -0.05856 0.02171 -0.00333 -0.03341 0.0817 -0.05814 0.07277 -0.01708 -0.00879
0 0.2255 0.06915 0.00902 0.10535 -0.04361 0.32285 -0.03414 0.08645 -0.18245 0.22416 0.38619 -0.07268 0.12003 -0.38306 -0.131 -0.23896 0.02727 0.09889 0.23166 -0.29967
0 -0.09376 -0.4369 0.32606 -0.01297 0.16157 0.06568 -0.25257 -0.08099 0.01659 0.01119 -0.04943 0.03123 0.09812 0.04478 0.03768 -0.12593 0.13808 0.11692 0.07809 0.17594
0 0.02976 0.03598 -0.05356 0.66152 -0.10119 -0.16304 0.06296 -0.14241 -0.10922 -0.12563 0.05588 -0.08721 -0.08336 0.01393 -0.0477 0.14021 -0.075 0.01841 -0.10644 -0.04035
0 0.51546 0.04346 -0.09456 -0.17847 -0.03369 0.36558 0.06082 -0.17021 0.06251 -0.10485 -0.11708 -0.24808 -0.04419 -0.12592 0.02981 0.08325 0.02001 0.03844 -0.00317 -0.06086
0 0.06601 0.10332 0.00696 0.7424 -0.145 -0.06975 0.02885 -0.28092 -0.20963 -0.13884 -0.02783 -0.03106 -0.14789 -0.02083 0.03663 0.02163 0.02679 -0.01219 0.01431 0.0312
0 0.56844 0.10534 -0.17569 -0.23788 -0.09655 -0.26466 -0.07598 -0.10228 -0.09611 0.26761 -0.25027 -0.2286 -0.11988 0.10692 -0.0177 0.0295 0.07277 0.08908 0.0769 -0.10752
0 0.49785 0.02691 -0.05055 0.29964 0.33619 0.02513 0.0461 0.29847 0.12108 0.0644 -0.11324 -0.01939 0.0912 0.03326 0.02959 -0.05485 0.02326 0.04027 0.04942 0.02043
0 0.41129 0.05533 -0.05178 -0.0805 -0.04102 0.50945 0.0681 -0.07096 -0.00836 0.04955 0.05213 0.12975 -0.09668 0.2884 -0.04191 0.05583 -0.04144 -0.07672 -0.1372 -0.06574
0 0.0949 0.06862 -0.01247 0.74783 -0.1058 -0.10535 0.05367 -0.23605 -0.16763 -0.10275 -0.04768 -0.04026 -0.13655 -0.02294 0.03718 0.0277 0.03277 0.01558 -0.01518 0.0245
0 -0.16535 -0.09081 -0.07989 0.00702 0.01202 0.0255 -0.21865 -0.06819 0.18558 0.21101 0.1792 0.088 -0.14611 -0.19704 0.12625 0.08766 0.07081 0.43026 -0.37504 0.04
0 0.38373 0.10325 -0.09151 -0.0395 -0.0524 0.04983 -0.05914 0.1061 -0.17104 0.34094 0.2941 -0.23305 0.04027 -0.22724 -0.15774 -0.15796 -0.07416 -0.32143 -0.14271 0.36116
0 0.5106 0.07256 -0.0947 -0.01323 0.1096 0.42715 0.01336 -0.08636 0.06699 -0.00027 -0.12908 -0.10563 0.00585 -0.01589 0.0176 0.06214 -0.00077 0.01305 0.03548 0.07186
0 0.52652 0.07229 -0.0953 0.17769 0.18481 -0.11167 0.03144 0.16832 0.09345 -0.01338 -0.12385 0.35676 0.19778 -0.1187 -0.00363 -0.05093 0.00478 -0.02275 0.02252 0.02669
0 0.57636 0.00502 -0.08153 0.23347 0.27173 -0.01406 0.09754 0.2708 0.13275 -0.00578 -0.11918 -0.06939 0.09052 0.0129 0.04148 -0.06947 0.02623 0.0053 0.03435 -0.04348
0 0.10945 0.08475 -0.0073 0.75764 -0.09816 -0.10989 0.05967 -0.22104 -0.18448 -0.11606 -0.02749 -0.03325 -0.13028 -0.0232 0.0256 0.05629 0.0254 0.01501 -0.01547 0.02764
0 0.08555 0.13816 0.00141 0.64442 0.02346 -0.05898 -0.08487 -0.14477 -0.10532 -0.07326 -0.07849 -0.02637 -0.07695 0.01978 0.06046 -0.02142 0.04441 -0.06322 0.058 0.03617
0 -0.01745 -0.37699 0.31311 -0.06981 0.08043 0.03012 -0.07604 -0.12226 -0.14318 -0.03754 -0.01906 -0.05848 0.29691 0.10828 0.13723 -0.14779 0.1843 0.08309 0.03604 0.12594
1 -0.18726 0.65227 0.44329 -0.04283 -0.08392 -0.03714 0.03937 0.00937 0.15978 0.0537 0.05511 0.04372 0.06499 -0.03646 -0.086 0.2107 0.34184 -0.11701 0.00363 -0.03319
1 -0.26549 0.69729 0.45364 -0.05844 -0.00162 -0.03627 0.04073 0.006 0.08226 -0.01157 -0.03131 -0.04248 -0.00501 0.02436 0.01075 -0.0647 -0.13824 0.04607 0.00591 0.02077
0 -0.49251 0.04626 -0.24204 -0.13773 0.31193 -0.02287 0.19535 -0.09749 -0.20418 0.0044 0.00148 -0.00241 0.09384 0.00569 0.06581 0.00867 0.06829 -0.01151 -0.04849 -0.0219
0 -0.22852 -0.46421 0.18829 -0.02517 0.12471 -0.0285 -0.27323 -0.05205 0.05908 -0.02846 0.01042 -0.03864 0.15354 0.04425 -0.04173 0.10965 -0.02983 0.00494 0.05415 0.05238
1 0.32474 0.04627 -0.05543 0.17812 -0.0159 -0.13467 0.01998 0.09546 0.00064 0.01684 -0.04266 0.26045 0.10783 -0.09002 0.06891 -0.01977 0.0151 -0.08118 -0.01814 -0.06019
0 -0.26057 0.17836 -0.24593 -0.06824 -0.39495 0.13855 -0.28088 0.46246 -0.29972 -0.26834 -0.13912 -0.01132 0.04984 0.02554 -0.09768 0.03378 0.05169 0.11974 -0.02617 0.05941
0 -0.46476 -0.03257 -0.35898 -0.14916 0.1521 -0.02812 0.22875 -0.00582 -0.15506 0.02169 0.03322 -0.01275 0.13488 0.00963 0.06627 0.09693 0.09957 -0.02624 -0.10857 -0.05475
0 0.40495 -0.0496 -0.02026 0.25705 0.09192 -0.21161 0.10751 0.25152 0.01698 0.10795 -0.12197 -0.0973 -0.01726 0.00381 0.04029 0.0228 -0.02025 -0.00702 -0.05203 -0.10462
0 -0.43683 0.09847 -0.10407 -0.18775 0.45019 -0.01296 0.14352 -0.05134 -0.31997 -0.01059 -0.00269 0.0302 -0.03956 -0.0449 0.12766 0.04838 -0.01048 -0.04174 -0.02467 -0.04079
0 -0.24698 -0.16712 -0.07282 0.00727 -0.18352 0.04658 -0.38256 -0.01304 0.14676 0.06947 0.02795 0.00555 0.08558 0.00624 0.36659 0.05269 -0.05092 -0.11259 -0.01497 -0.06231
1 -0.31255 0.59196 0.32496 -0.09121 0.07197 -0.00139 0.01829 -0.00861 -0.04797 -0.0393 -0.05891 -0.02359 -0.03416 0.0174 0.05563 -0.14523 -0.19428 0.04512 0.01283 0.00934
0 0.48983 -0.03331 -0.07088 0.20827 0.27871 -0.18278 0.08756 0.363 0.15397 -0.07008 0.09394 -0.08978 0.06445 0.08486 0.02276 -0.01014 -0.04325 -0.01435 -0.0614 -0.06843
0 -0.4049 -0.02 -0.31717 -0.01891 -0.17259 -0.0206 0.34861 -0.07717 0.05657 0.10999 0.00037 -0.02082 0.18063 0.05497 0.12101 -0.14054 0.05848 0.0771 -0.20035 -0.02382
1 -0.4119 -0.02032 -0.3931 0.06858 -0.33379 0.0133 0.16407 0.05058 0.21158 0.03806 -0.05769 0.00772 -0.04708 0.0207 0.04248 -0.19425 0.03885 0.01876 -0.03828 0.03823
0 0.59671 0.07327 -0.13004 -0.13534 0.05451 0.43909 0.0559 -0.14855 0.09647 -0.09256 -0.15207 -0.1933 -0.00587 -0.0864 0.01653 0.0817 -0.00318 0.01147 0.0063 0.02788
0 -0.44931 0.1022 -0.12395 -0.19523 0.43772 -0.00863 0.14693 -0.0372 -0.30684 -0.00856 -0.00663 0.04175 -0.0733 -0.05798 0.12201 0.04451 -0.00359 -0.04399 -0.0161 -0.03608
0 0.60475 0.07543 -0.13823 -0.19495 -0.01414 0.38993 0.08168 -0.19422 0.0953 -0.17233 -0.1312 -0.23206 -0.02119 -0.14007 0.02671 0.08182 0.00258 0.02013 -0.00939 -0.03412
0 0.57935 0.1217 -0.18784 -0.21755 -0.09003 -0.23385 -0.07914 -0.09463 -0.09236 0.30294 -0.29969 -0.22964 -0.09677 0.07675 -0.03407 0.05345 0.04383 0.07521 0.05106 -0.10502
0 0.58764 0.04253 -0.13926 -0.19913 0.01992 -0.1982 0.03971 0.05035 0.05835 -0.17622 0.23346 -0.20711 -0.07398 0.14239 0.02809 -0.02125 -0.00495 -0.04765 -0.0461 0.00064
0 0.54601 0.01117 -0.06767 0.27639 0.31305 0.00228 0.07685 0.294 0.13266 0.02752 -0.121 -0.04645 0.09531 0.02139 0.03593 -0.06535 0.02637 0.02503 0.04216 -0.01351
1 -0.32191 -0.23891 0.01092 0.05388 -0.02587 -0.00255 -0.39601 -0.14339 0.03023 -0.10344 -0.03574 -0.09626 0.29021 0.11546 -0.1351 0.02383 -0.10787 -0.14153 0.021 -0.10747
1 -0.3104 0.5916 0.33118 -0.08412 0.07562 -0.00273 0.0145 -0.01577 -0.05101 -0.04151 -0.05883 -0.02724 -0.02473 0.02221 0.05491 -0.14462 -0.19964 0.04601 0.01672 0.01102
1 -0.40687 -0.02558 -0.3503 -0.05326 -0.14425 -0.02849 0.38699 -0.0263 -0.0437 0.07823 0.04535 -0.04347 0.25574 0.06783 0.0096 0.04882 0.00754 0.10196 -0.16009 -0.02489
0 -0.00896 -0.58118 0.40698 -0.10902 -0.0952 -0.06258 0.14326 0.11553 -0.0258 -0.01583 0.00141 0.00295 -0.10392 -0.05026 -0.06489 0.13822 -0.0919 -0.03448 -0.0643 -0.06127
0 -0.18385 -0.03046 -0.1403 0.02717 0.07577 0.03224 -0.06468 -0.00361 0.08505 0.17811 0.18011 0.10229 -0.17283 -0.16971 0.01647 0.13579 0.05318 0.44568 -0.21614 0.10763
0 -0.20668 -0.38238 0.08198 -0.02071 0.30589 -0.04949 -0.24272 -0.03092 0.14341 0.01276 0.08329 -0.02055 -0.05437 -0.05223 -0.06508 0.14352 -0.02792 0.08662 0.01934 0.0493
1 -0.27226 0.67568 0.4336 -0.05587 0.01362 -0.03437 0.02829 -0.00108 0.05341 -0.02335 -0.04032 -0.04976 0.00147 0.02975 0.02089 -0.0834 -0.16351 0.05176 0.00956 0.0236
0 0.23345 0.08768 -0.05735 0.22945 -0.071 -0.0891 -0.13218 -0.01664 -0.09997 0.23037 -0.09503 -0.08152 -0.02064 0.00062 0.18696 0.08418 0.03614 -0.02216 -0.00066 0.00412
0 -0.37459 -0.13363 -0.35078 0.04817 -0.21055 -0.01995 0.27361 -0.02189 0.27301 0.13292 -8e-05 0.03022 -0.07324 0.00899 0.00908 -0.13226 0.0344 0.05812 -0.01421 0.05457
0 -0.39582 -0.14798 -0.20952 -0.03531 -0.00866 -0.06266 0.40472 -0.16858 -0.02266 0.08722 0.04908 -0.04719 0.24883 0.08485 -0.04733 0.00491 -0.0242 0.07074 -0.03994 -0.00311
0 -0.36925 -0.0836 -0.16167 -0.06156 0.24156 0.0139 -0.23857 -0.01321 0.12086 0.03846 -0.02107 0.07121 -0.294 -0.09423 0.05065 -0.06241 0.02087 -0.07998 -0.07122 -0.06723
1 -0.05027 -0.54916 0.36667 -0.08383 -0.14152 -0.05493 0.11068 0.08394 -0.02987 -0.02297 -0.0186 -0.00822 -0.04769 -0.01593 -0.01831 0.13641 -0.1369 -0.14222 0.00992 -0.08734
0 0.16818 0.09759 -0.02425 0.19083 -0.09684 0.03523 -0.09669 0.04984 -0.17694 0.24695 0.23446 -0.08702 0.03839 -0.17624 0.02707 -0.03519 -0.03196 -0.16146 -0.0452 0.16428
1 -0.04237 -0.58625 0.39606 -0.09095 -0.11196 -0.06277 0.13657 0.09571 -0.01997 -0.01362 -0.01328 0.00019 -0.07687 -0.0402 -0.05676 0.1413 -0.12077 -0.07007 -0.03812 -0.07077
1 -0.26912 -0.31265 0.04394 0.11781 -0.20454 -0.04042 -0.08525 -0.18335 0.06999 -0.01941 -0.00792 -0.08447 0.26135 0.08462 -0.19295 0.04201 -0.17484 -0.01819 -0.06011 -0.10293
0 -0.43988 -0.04855 -0.14413 -0.1136 0.38481 -0.0006 -0.09776 -0.00399 -0.04721 -0.03547 -0.0055 0.05597 -0.25461 -0.07619 -0.09446 0.05229 -0.04533 -0.05354 0.14325 0.02622
0 0.04609 0.10488 -0.00448 0.72783 -0.15106 -0.11569 0.03018 -0.24093 -0.18199 -0.14847 -0.00144 -0.05639 -0.13861 -0.00298 0.02745 0.05416 -0.007 -0.01818 -0.03937 0.00439
1 -0.25461 0.68479 0.45053 -0.04748 -0.00268 -0.03634 0.03273 5e-05 0.07151 -0.0148 -0.02841 -0.04681 0.00745 0.0306 0.00781 -0.06028 -0.14356 0.04979 0.01362 0.0252
0 0.00425 0.0492 -0.01995 0.67513 -0.14772 -0.05224 0.02164 -0.27404 -0.16356 -0.14609 -0.00968 -0.04588 -0.11652 -0.01036 -0.00674 0.00971 -0.01651 -0.01101 0.01203 0.00692
0 -0.2676 0.69677 0.44847 -0.0659 -0.00469 -0.0343 0.04346 0.01183 0.08488 -0.00939 -0.0312 -0.03929 -0.01231 0.02007 0.01081 -0.0652 -0.13359 0.04566 0.00268 0.01915
0 0.38961 -0.00926 -0.07327 0.3569 0.20897 -0.2157 0.00409 0.23255 0.04934 0.11188 -0.13313 -0.10473 0.04425 0.0518 0.06387 0.00559 0.01927 -0.03368 0.00984 -0.03589
1 0.47729 0.04453 -0.09681 -0.29335 -0.12653 -0.35153 -0.03514 -0.11055 -0.03095 -0.25556 0.33494 0.18044 -0.06326 0.10959 0.03616 -0.10846 0.05106 0.02973 0.04009 0.00409
