0 -0.44366 -0.01795 -0.2961 -0.08857 0.10295 -0.28931 0.11166 -0.0465 -0.19285 0.17083 -0.04272 -0.01255 0.08348 0.02738 0.04288 -0.17914 -0.04631 0.12383 -0.04184 -0.02501
1 0.51838 -0.19075 -0.19609 -0.3107 0.04175 -0.09042 -0.01158 -0.11631 -0.05757 -0.21819 0.05296 0.04377 -0.08605 -0.06935 -0.1481 0.07314 -0.12353 0.04059 -0.0069 0.04349
1 -0.34147 -0.17038 -0.12784 0.18886 0.18507 0.37466 -0.09067 -0.07687 -0.16652 -0.04767 0.20331 -0.03314 -0.06287 0.02835 0.03935 -0.01315 0.09601 0.02339 -0.02461 0.05664
1 -0.11186 -0.0035 0.2335 0.0828 0.48273 -0.12287 -0.33009 0.14935 0.04193 0.06602 -0.17586 -0.17983 -0.07689 -0.11677 -0.13266 0.00761 0.12138 -0.0824 -0.17077 -0.01265
1 -0.21463 0.01268 0.16005 -0.11945 0.25146 -0.14234 -0.24223 0.06442 0.34927 0.01006 -0.22865 -0.18423 -0.08199 -0.13972 -0.02206 0.02576 -0.02404 -0.06568 -0.06622 -0.01536
0 0.59503 -0.22748 -0.21062 -0.07165 -0.10658 0.06302 -0.00688 0.1604 -0.07348 -0.16333 -0.14647 -0.09723 0.02409 0.05441 0.06373 -0.04316 -0.08676 -0.0894 -0.08483 0.12125
1 -0.27138 0.03108 0.10292 -0.26202 -0.0952 -0.00284 0.1736 0.43631 0.08699 0.10408 0.26046 -0.01729 -0.10875 0.02457 0.1269 -0.01982 -0.08347 0.0642 -0.11663 -0.06705
1 0.50582 -0.06937 -0.11008 -0.02067 0.20963 -0.12155 -0.2762 0.12253 0.18183 -0.12664 -0.03071 0.14458 0.05635 0.18541 0.23083 -0.07692 -0.12503 0.14132 0.10469 0.13703
1 0.20558 -0.04675 0.19745 0.17932 0.39588 -0.34736 -0.25167 0.07216 0.11707 -0.08065 0.06258 0.00242 0.12355 0.05326 0.04578 -0.0379 0.11277 -0.02227 -0.06901 -0.11806
0 0.59806 -0.22006 -0.09911 -0.08382 0.07097 0.0787 -0.00864 -0.04771 -0.12413 0.18698 -0.07717 0.20228 0.03007 -0.05425 0.10473 -0.00455 0.10642 -0.18607 -0.00641 -0.13197
0 0.23936 -0.19619 0.06717 0.28922 -0.32689 -0.15152 0.1293 0.17685 0.01635 -0.22593 -0.10249 -0.17684 0.01497 0.10344 0.04897 -0.03695 0.05015 0.09213 0.08152 -0.11779
1 -0.33761 -0.11986 0.20838 -0.27496 -0.07452 0.26651 0.00606 0.01672 0.24163 -0.14904 -0.02801 -0.00371 0.00835 -0.05013 -0.01158 -0.01854 0.05027 -0.12252 0.07846 0.06342
1 0.04761 -0.26449 0.3993 0.34201 -0.0471 -0.10014 0.1215 -0.18538 -0.0901 0.03317 -0.08583 0.14495 0.00442 0.02977 -0.04192 0.03369 -0.13233 -0.01388 -0.02338 0.03519
0 0.49261 -0.10084 -0.21244 -0.26157 -0.12891 -0.01041 0.03474 -0.07088 -0.06581 -0.14146 -0.06111 -0.12309 -0.16946 -0.00208 -0.16214 0.09678 -0.12154 0.07373 -0.09422 0.09523
0 -0.27092 -0.05866 0.24615 -0.33404 0.14797 0.11058 0.07635 0.13989 -0.1013 0.0566 0.1101 -0.16899 -0.03532 0.11998 0.12385 0.24928 0.13377 0.0636 -0.01824 0.08573
1 -0.12735 0.29841 -0.08365 -0.03808 -0.36066 -0.12499 -0.02161 0.17717 0.12853 0.02992 -0.08862 0.20911 -0.00531 0.19305 -0.1444 0.3258 0.05521 0.06828 -0.13368 -0.18031
1 -0.40217 -0.00551 -0.26544 -0.05483 -0.15381 0.03299 0.00781 -0.21867 0.07366 -0.0348 -0.09129 0.10144 0.01952 0.1828 0.01486 0.17097 0.01321 0.00991 -0.06823 -0.04826
1 -0.39867 0.01653 -0.16084 -0.24779 0.07847 -0.32952 0.15903 -0.0219 -0.14249 0.1681 -0.09261 -0.03098 0.13011 0.08508 0.04428 -0.1631 -0.02977 0.10111 -0.01473 -0.03184
0 -0.28822 0.01413 0.19217 -0.40289 0.08924 -0.12211 0.13176 0.17611 -0.12182 0.12481 0.08005 -0.18441 0.01248 0.09152 0.18648 0.28798 0.10734 0.06145 0.00107 0.12065
1 -0.392 -0.07314 0.08616 -0.23876 -0.23072 0.02962 0.0476 0.09702 0.22623 -0.11853 -0.11056 0.09788 -0.00583 -0.06521 -0.01347 0.00522 -0.01368 -0.08171 0.06843 0.01357
1 -0.3491 -0.17535 -0.14806 0.22201 0.20345 0.36311 -0.15613 -0.18098 -0.16383 -0.06332 0.07794 -0.03534 -0.09107 0.05361 0.05877 0.06705 -0.01104 0.07043 0.01227 -0.00795
1 0.54605 -0.24207 -0.1532 -0.12547 0.07502 -0.01143 -0.01798 0.10516 -0.21822 -0.18799 0.03714 0.08846 0.1018 -0.00916 -0.01428 -0.00527 0.00684 -0.24523 -0.14037 0.0103
0 -0.23787 -0.08818 0.20366 -0.03739 0.14605 0.0248 0.0204 0.33642 -0.3038 0.07654 0.04577 -0.04922 -0.04387 0.03535 0.03888 0.25458 0.13825 0.06791 0.04237 0.16814
1 -0.32651 -0.12763 -0.19931 0.26758 -0.01396 0.4349 -0.11748 -0.03395 0.07924 -0.09509 0.16574 0.01394 -0.066 0.01107 0.05936 0.09084 0.01288 -0.00614 -0.02215 0.04916
1 0.05265 -0.25716 0.38698 0.36605 -0.16606 -0.04439 0.17433 -0.03031 0.06363 0.02701 0.01931 0.08213 0.03731 -0.05295 -0.02581 0.02155 -0.01285 -0.0564 -0.00372 0.1645
1 -0.38678 -0.11424 -0.31982 0.32835 -0.0713 0.20052 -0.08878 0.03785 0.04049 -0.05873 0.1006 0.06436 -0.08037 -0.08296 0.03119 0.07928 0.00571 -0.02109 -0.00753 0.06499
1 -0.39622 -0.14676 -0.28263 0.29301 0.1177 0.13887 -0.14331 -0.15911 -0.18433 -0.03558 -0.03976 0.0299 -0.08533 -0.03205 0.02223 0.06012 -0.06633 0.06086 0.0614 0.00624
0 0.57295 -0.12732 -0.13868 -0.05486 -0.11942 0.15622 0.04347 -0.01504 -0.11172 0.23786 -0.23286 -0.01156 -0.09044 0.03223 0.07931 -0.00937 0.06452 -0.08722 -0.0742 -0.04268
1 0.51754 -0.0464 -0.06079 -0.00198 0.18285 -0.02792 -0.20689 0.02903 0.2109 0.18306 -0.05133 0.20539 0.01161 0.10413 0.27046 -0.08814 0.02801 0.12832 0.18966 0.02266
1 -0.41304 -0.13972 -0.12123 -0.10488 0.10999 0.24243 -0.04857 -0.34667 0.06145 -0.09198 -0.04022 -0.04231 -0.02806 0.14724 0.05978 -0.0038 -0.02456 0.01258 -0.01557 -0.08027
0 -0.38407 0.10168 -0.35989 -0.00159 -0.18108 -0.22749 0.03003 -0.10124 0.00958 0.06437 -0.15565 0.14819 0.10581 0.10724 -0.04837 0.16037 0.01619 0.01831 -0.04649 -0.04262
1 0.51903 -0.13639 -0.22924 -0.25838 -0.16113 0.00972 0.05976 0.00832 0.0573 -0.13221 -0.02141 -0.1775 -0.17985 -0.05625 -0.12228 0.04629 -0.12512 0.13653 -0.02679 0.1155
1 0.50595 -0.03573 -0.16102 -0.1753 -0.20157 0.13344 0.09988 -0.06078 0.09706 0.25315 -0.09696 -0.16377 -0.27513 -0.09436 -0.06613 0.00749 0.03422 0.1842 0.0292 -0.00593
0 0.22291 -0.26903 0.12979 0.2487 -0.06476 -0.25213 0.0551 -0.00445 -0.15085 -0.2522 -0.10545 -0.0478 0.10015 0.06066 0.01964 -0.04412 0.00966 -0.02165 0.10824 -0.1614
1 0.56949 -0.20875 -0.08957 -0.09221 0.05961 0.09431 0.03527 -0.01254 -0.14374 0.19045 0.00815 0.16851 0.06083 -0.12013 0.0386 -0.00449 0.18252 -0.23673 -0.0406 -0.14157
0 -0.00967 0.44772 0.21121 -0.21513 -0.24045 -0.04799 -0.23345 -0.0627 -0.17177 0.03719 0.15121 -0.10394 0.01854 -0.12047 0.34951 0.14953 -0.21771 -0.1751 0.09998 -0.00594
0 0.02027 0.40754 0.00438 -0.06916 -0.15178 -0.00743 -0.14499 -0.14315 0.0314 0.04013 0.07299 -0.02626 0.03976 0.19539 -0.13486 0.06405 -0.00283 -0.16167 0.04328 -0.00577
1 0.27232 -0.06818 0.04759 -0.02007 0.03009 0.46464 -0.04703 0.0867 0.05506 0.17255 -0.03055 -0.05483 0.55953 -0.10261 -0.08291 0.01635 -0.09029 0.10838 -0.01764 -0.00538
1 0.06142 -0.23608 0.36195 0.37945 -0.24525 -0.02193 0.18127 -0.01711 0.08764 0.02851 -0.02097 0.09111 -0.00907 -0.00058 -0.01596 0.01279 -0.06402 0.01177 -0.00829 0.1227
1 -0.06449 -0.19671 0.02505 0.4445 0.02118 -0.02117 0.06798 -0.31299 -0.07498 0.05086 0.11742 -0.00682 -0.01607 0.0314 0.06711 0.09654 -0.07524 -0.00523 -0.04593 -0.01001
0 0.46536 -0.01267 -0.06096 -0.14904 0.2249 -0.09437 -0.18118 -0.07485 0.28917 0.13507 0.12871 0.20001 -0.06492 -0.03408 0.09482 0.00108 0.08295 0.25961 0.24327 0.03851
1 0.14185 0.37783 -0.01162 0.04244 0.10198 0.00655 -0.03925 0.01515 -0.02373 0.17789 0.18898 -0.13928 0.00886 0.29291 -0.2591 -0.07371 -0.12738 -0.20351 0.14122 -0.15515
1 0.52135 -0.21969 -0.13975 -0.13665 0.12047 -0.03769 -0.02842 0.086 -0.26312 -0.16807 0.0344 0.1388 0.0465 0.05458 -0.00027 -0.00193 -0.08013 -0.1897 -0.16538 -0.07342
0 0.1597 0.50851 -0.01615 0.07343 0.21099 0.07718 0.17948 -0.00808 0.01041 0.00638 0.0367 -0.038 0.0185 0.07188 -0.07093 -0.00796 -0.02944 -0.02975 0.02855 -0.00838
1 0.51724 -0.1679 -0.10758 -0.27311 0.05513 0.0218 0.08674 -0.15477 -0.02943 0.1553 0.16286 0.11508 -0.09302 -0.26816 -0.14199 0.06885 0.17542 -0.03546 0.04544 -0.14136
1 -0.42594 -0.06317 -0.09681 -0.25033 -0.09036 -0.02439 0.09446 -0.07441 0.2562 -0.04313 -0.03112 -0.00439 0.07369 0.00521 0.03377 -0.04247 0.07992 -0.14696 -0.00571 0.09976
1 -0.02128 -0.17183 0.32079 0.06251 -0.27352 -0.11602 0.25303 -0.20665 0.24749 0.01483 0.06839 0.02171 -0.0347 -0.06995 -0.05327 0.01257 -0.09829 0.03991 -0.03027 0.10723
1 -0.30458 -0.19185 0.19058 0.00839 0.16365 0.06064 -0.01114 0.21288 -0.35384 -0.01699 -0.08788 0.08952 -0.0796 0.00037 -0.0742 -0.05959 -0.02605 0.09039 0.09714 -0.06155
1 0.52218 -0.1863 -0.20582 -0.28906 -0.0465 -0.03983 0.03439 -0.02557 0.05042 -0.1876 0.09656 -0.07916 -0.07073 -0.14972 -0.14068 0.05675 -0.03076 0.03976 0.02701 0.12852
0 -0.4572 -0.00344 -0.35695 -0.01679 0.00606 -0.28588 0.02542 -0.17393 -0.05587 0.08308 -0.20214 0.04432 0.1156 -0.01987 -0.01208 -0.05317 -0.05806 0.0175 0.0425 0.00334
1 0.0874 -0.18952 -0.18462 0.40397 -0.10878 -0.1339 0.08191 -0.02562 0.02504 -0.17948 0.20082 -0.26823 0.11226 -0.04522 0.12397 0.01725 0.20165 -0.08311 0.10486 -0.10907
1 -0.33956 -0.13454 0.21307 -0.28708 0.04955 0.2014 -0.04252 -0.18001 0.04971 -0.14373 -0.18788 0.00335 -0.01725 0.05694 -0.0298 -0.01424 -0.04689 -0.01593 0.10984 -0.08906
1 0.41704 -0.02194 -0.06634 -0.20321 0.36385 -0.231 -0.26303 -0.02652 0.17677 -0.15223 0.24391 0.25566 0.04045 0.0571 0.00115 0.04571 0.02913 0.19106 0.06315 0.08622
0 0.13518 0.35107 -0.01235 0.04078 0.09003 0.00611 -0.04363 0.01316 -0.02071 0.14758 0.14718 -0.09635 0.00631 0.18282 -0.14972 -0.0281 -0.04448 -0.07452 0.03359 -0.02094
1 0.14261 0.3748 -0.01112 0.04115 0.09996 0.00809 -0.0416 0.01489 -0.02348 0.17964 0.18864 -0.13962 0.01193 0.29193 -0.26012 -0.07442 -0.12864 -0.20142 0.14019 -0.1558
1 0.58043 -0.24005 -0.18083 -0.10601 0.04772 -0.01611 -0.07136 0.05588 -0.18686 -0.20822 -0.11134 0.08766 0.05308 0.08366 0.04928 -0.00904 -0.11901 -0.16266 -0.10335 0.04002
1 -0.42305 -0.09596 -0.04294 -0.32787 0.13527 -0.09946 0.14098 -0.12229 -0.09335 0.06746 -0.03505 -0.05943 0.02914 0.1534 0.07053 -0.14741 -0.01537 0.10178 -0.04857 -0.10071
0 -0.47877 -0.11331 -0.25455 -0.05854 -0.06459 0.04781 0.04301 -0.10406 0.21792 -0.04864 0.04773 0.00344 0.03385 -0.04067 0.06187 -0.01973 0.08522 -0.13133 -0.04985 0.11101
0 0.23234 0.27932 -0.07336 -0.03463 0.0246 -0.00611 -0.0361 -0.04804 0.03433 0.06475 0.12306 -0.18739 -0.04142 0.25049 -0.3485 0.01597 -0.0971 -0.08139 0.25155 0.17189
0 0.15008 0.2874 -0.01515 0.02634 -0.02876 -0.06432 -0.02093 -0.07978 0.06406 0.04495 0.1165 -0.19168 0.00924 0.27903 -0.34883 0.00925 -0.0429 -0.10142 0.2793 0.11112
1 0.03722 -0.28805 0.42425 0.32835 0.0047 -0.11543 0.1368 -0.15915 -0.11654 0.04851 -0.03912 0.13751 0.01632 0.01067 -0.03865 0.04752 -0.10635 -0.03381 -0.04421 0.04392
1 -0.05192 -0.22877 0.37604 -0.01614 -0.03608 -0.1814 0.28409 -0.24212 0.02031 0.05087 0.15684 0.0336 0.02204 -0.08674 -0.09616 -0.00099 -0.02874 -0.01929 -0.08606 0.06975
0 -0.4544 0.01147 -0.36616 0.00258 -0.10378 -0.24748 0.07023 0.01296 0.12204 0.06506 -0.0318 0.04892 0.11308 -0.11181 0.00146 -0.04793 0.05958 -0.11139 -0.02322 0.11793
1 -0.25877 0.12295 -0.00608 -0.19297 -0.11585 -0.20903 0.17712 0.4749 0.024 0.17127 0.21188 0.00775 -0.03985 -0.01031 0.1005 -0.00886 -0.07813 0.0642 -0.10464 -0.05332
1 -0.26193 -0.21025 0.26163 0.02663 0.15097 0.31505 -0.12681 0.06191 -0.17963 -0.1163 -0.15926 0.06884 -0.02789 0.00778 -0.08514 0.01807 0.00323 0.01422 0.13391 -0.00806
1 -0.47187 -0.14004 -0.18437 -0.15233 0.16661 -0.02922 0.0861 -0.16081 -0.15356 0.06374 0.03327 -0.04494 -0.01965 0.11784 0.09048 -0.14863 -0.02334 0.13296 -0.08631 -0.09519
1 -0.45897 -0.02334 -0.31679 -0.06518 0.03998 -0.27437 0.11318 -0.02361 -0.09022 0.12673 -0.01153 0.00163 0.12589 -0.05174 0.01157 -0.16752 0.07628 -0.01506 -0.0251 0.11494
1 0.09358 -0.07221 0.25217 0.33049 -0.3762 0.02834 0.15629 0.04683 0.10098 0.05765 -0.06105 0.07042 -0.10102 0.14116 -0.01678 0.04228 -0.07926 0.13927 -0.07332 0.04795
0 0.55072 -0.15025 -0.20232 -0.08044 -0.12827 0.06039 -0.00802 0.08763 -0.18334 -0.13256 -0.22289 -0.09552 -0.04815 0.14295 0.01451 0.01621 -0.11524 -0.09123 -0.1832 0.09441
1 0.11009 -0.21164 0.11986 -0.10992 0.02404 -0.33638 0.20457 -0.10348 -0.13003 -0.14487 0.14666 -0.07371 0.03892 -0.0205 -0.07267 -0.03015 -0.01924 0.09511 0.01889 -0.22952
1 0.09498 -0.04801 0.36853 0.24256 0.39755 -0.2452 -0.1906 -0.03148 0.1268 0.12254 0.00335 -0.00256 0.01722 0.00099 -0.04572 0.02414 0.03957 -0.08284 -0.2547 -0.0196
1 -0.35541 -0.16203 0.23844 -0.31453 0.10656 0.18994 -0.01982 -0.13643 0.01902 -0.12082 -0.1463 -0.03331 -0.01945 0.04654 -0.01064 -0.00662 -0.01001 -0.01175 0.09323 -0.07103
1 -0.30439 0.05854 0.05632 -0.26096 0.05977 -0.29948 0.13872 0.27246 -0.2001 0.18977 0.02924 -0.13012 0.07084 0.03321 0.13813 0.26149 0.10473 0.0829 0.02804 0.16511
0 -0.16669 0.14668 -0.19261 -0.00025 0.09103 -0.15778 0.07077 0.01292 -0.06688 0.17259 0.04539 -0.02392 0.12341 0.11654 -0.16698 -0.29043 0.14087 -0.07803 0.01195 0.33982
1 -0.18189 -0.06823 0.17197 0.02251 -0.06534 0.34624 0.03334 0.40747 0.04601 -0.03547 0.1776 0.10767 -0.07756 -0.02293 -0.07401 -0.2169 -0.06252 0.01706 0.00552 -0.05013
1 0.19491 0.75263 -0.02241 0.13609 0.38641 0.15205 0.50057 -0.02023 0.02703 -0.19918 -0.11509 0.05752 -0.01862 -0.07834 0.06964 0.01368 0.01649 0.01457 -0.00753 0.00476
0 0.0374 0.50231 0.13201 0.02609 -0.3634 -0.05208 -0.34538 -0.04697 -0.20667 -0.06655 -0.05153 0.1148 0.02049 -0.05636 -0.06674 -0.02132 0.22284 0.11094 -0.07272 -0.05036
0 0.10083 -0.13523 -0.2138 0.40345 -0.22119 -0.09643 0.09785 0.0173 0.05483 -0.15573 0.12491 -0.27225 0.02635 0.05955 0.12559 0.05229 0.12215 0.02317 0.05582 -0.17427
1 -0.31312 -0.20239 0.19115 0.03542 0.09025 0.09906 -0.015 0.24944 -0.25265 -0.06877 -0.06771 0.10191 -0.01775 -0.0931 -0.1129 -0.059 0.10728 -0.03951 0.12886 0.09358
0 -0.07503 0.26059 -0.06186 0.13283 -0.33072 -0.05862 -0.06156 0.27154 0.03221 0.00633 -0.11314 0.22113 -0.05365 0.17767 -0.19606 0.30116 0.09062 0.13023 -0.08586 -0.15887
0 0.02382 0.48546 0.20746 -0.11778 -0.35781 0.10737 -0.34122 -0.19795 -0.09243 -0.09815 0.03335 0.02884 0.01277 -0.05668 0.04333 -0.11879 0.08653 0.00473 -0.08165 0.02516
0 0.17735 0.58671 -0.01225 0.08819 0.25872 0.10761 0.27982 -0.00928 0.01377 -0.05643 -0.01898 -0.00601 0.01832 0.00931 -0.027 -0.01542 -0.0273 0.006 0.00639 -0.00849
0 -0.37236 -0.00887 -0.38804 0.32943 -0.04268 -0.11304 -0.05778 0.12115 -0.04845 0.04101 0.04066 0.05106 -0.00881 -0.21065 -0.04317 0.0129 0.0287 -0.05682 0.05016 0.1253
1 0.58538 -0.1823 -0.2111 -0.05683 -0.12204 0.05599 -0.04304 0.12785 -0.061 -0.14998 -0.22368 -0.10747 -0.0179 0.1237 0.09778 -0.03247 -0.14486 -0.02764 -0.07674 0.14354
1 0.58087 -0.18878 -0.21751 -0.06081 -0.16251 0.08478 0.01138 0.17526 -0.06866 -0.12574 -0.19981 -0.15496 -0.03917 0.10514 0.06808 -0.03852 -0.12504 -0.0285 -0.11489 0.11778
1 -0.08505 -0.00518 0.27447 0.05138 0.48505 0.02232 -0.33213 0.1079 0.06827 0.04375 -0.13573 -0.18104 -0.07325 -0.05535 -0.13609 0.0139 0.15035 -0.07964 -0.19832 -0.03655
1 -0.08049 0.15348 0.00246 0.22076 0.06187 -0.06831 -0.16559 0.16261 -0.26189 0.04387 -0.04765 0.01275 -0.09145 -0.17558 -0.13251 0.05739 -0.11248 0.0207 0.21228 -0.0646
1 -0.38669 -0.03849 -0.36227 0.29362 0.10295 -0.15586 -0.08795 -0.01928 -0.24288 0.08033 -0.0724 0.02103 -0.01905 -0.14696 -0.03477 -0.00519 -0.06681 0.05799 0.09608 0.05662
1 0.02727 -0.2825 0.41911 0.29261 -0.00589 -0.08707 0.19871 -0.06463 -0.1352 0.05745 0.08747 0.12203 0.04419 -0.0364 -0.07693 0.00582 0.00225 -0.08732 -0.07604 0.09086
1 -0.27165 0.10624 0.07616 -0.32311 0.04501 -0.30394 0.14332 0.23362 -0.16515 0.19739 0.03836 -0.1569 0.08769 0.05575 0.17313 0.26994 0.08267 0.06926 0.02822 0.14337
1 -0.29806 -0.08412 -0.20704 0.25971 -0.07328 0.42122 -0.10319 -0.00644 0.09552 -0.08006 0.15495 0.03757 -0.08582 0.067 0.06098 0.13069 -0.02308 0.0361 -0.05085 -0.00021
1 -0.337 -0.15606 -0.16673 0.23736 0.15924 0.36769 -0.16752 -0.20882 -0.13174 -0.07896 0.04185 -0.0105 -0.08936 0.06495 0.04816 0.07901 -0.0418 0.06737 0.02656 -0.02508
0 -0.3994 -0.1038 0.11486 -0.25667 -0.14186 0.01083 0.0502 0.08776 0.19353 -0.11061 -0.09272 0.04304 0.02567 -0.11404 -0.0085 -0.00412 0.05519 -0.13071 0.0954 0.09645
1 0.58438 -0.23719 -0.19071 -0.08122 -0.04251 0.03699 -0.02321 0.14595 -0.08325 -0.1806 -0.0762 -0.0439 0.08315 0.00999 0.05344 -0.02763 -0.03139 -0.14736 -0.06649 0.12256
1 -0.24463 -0.17259 0.23082 0.06208 -0.02818 0.39004 -0.09315 0.20842 0.03298 -0.14119 -0.06088 0.08526 0.01823 -0.07629 -0.08552 0.00015 0.06424 -0.06446 0.13129 0.11784
0 0.11036 -0.08196 0.33533 0.3472 0.14491 -0.1832 -0.14642 -0.0257 0.28406 0.09065 -0.10941 0.01737 -0.05178 0.01494 0.06748 -0.00911 -0.15706 0.04231 -0.04831 0.00998
0 0.23688 -0.24617 0.09205 0.29527 -0.26325 -0.18174 0.12244 0.1542 0.00975 -0.25766 -0.06632 -0.16166 0.07324 0.03657 0.04316 -0.06613 0.08724 0.02023 0.1221 -0.0958
1 0.00948 0.35486 0.00888 -0.0246 -0.14895 0.1034 -0.16419 -0.14617 0.04631 0.00041 0.07326 -0.00822 0.0165 0.19313 -0.1204 0.05364 0.03553 -0.10494 -0.01659 -0.0212
0 0.36524 -0.07505 0.07303 0.05534 -0.05587 0.37704 0.04783 -0.00553 0.08542 0.38248 -0.07641 -0.01105 0.41941 -0.11851 -0.01877 -0.00065 -0.03953 0.12334 0.00021 -0.05508
1 -0.04519 -0.23069 0.38052 0.00903 -0.02865 -0.20918 0.2232 -0.34859 0.03755 0.03657 0.0281 0.04864 0.00106 -0.04212 -0.06942 0.04146 -0.13744 0.03293 -0.04811 0.02468
0 0.19458 0.75776 -0.02295 0.13941 0.39051 0.15202 0.50957 -0.01924 0.02564 -0.20778 -0.1224 0.06384 -0.02331 -0.08706 0.08185 0.01519 0.0226 0.01687 -0.01298 0.00537
1 -0.2558 -0.1984 0.26506 -0.02427 0.2028 0.28454 -0.04765 0.1439 -0.28866 -0.05096 -0.03502 0.05954 -0.07627 0.06487 -0.07421 -0.05232 -0.01309 0.08865 0.06753 -0.09404
1 0.27992 -0.0267 0.01799 -0.00806 -0.06051 0.47586 -0.02661 0.10646 0.06997 0.19467 -0.0897 -0.09116 0.47607 -0.02977 -0.06569 0.00896 -0.16778 0.18803 -0.04399 -0.02348
1 -0.47389 -0.0893 -0.28303 -0.04203 -0.13991 0.06256 0.04341 -0.09228 0.25412 -0.05547 0.03176 0.05617 0.00594 0.00626 0.05552 0.00487 0.02156 -0.09248 -0.07868 0.02826
0 0.49319 -0.14892 -0.09587 -0.27458 0.09631 -0.00597 0.07426 -0.15828 -0.08119 0.15366 0.15444 0.15758 -0.13399 -0.19135 -0.12206 0.06683 0.08882 0.00517 0.01186 -0.21672
1 0.44045 -0.11412 -0.22074 0.06013 -0.00726 0.15256 0.01835 -0.06666 0.01128 0.19723 0.084 -0.08221 0.05836 -0.07987 0.1393 0.03442 0.21073 -0.12991 0.04635 -0.09328
1 0.03353 0.34722 -0.02383 -0.04177 -0.00722 -0.01315 -0.0698 -0.05627 -0.00504 0.12404 0.15499 -0.11164 0.02191 0.22591 -0.05549 0.13144 -0.09766 -0.18214 0.07663 -0.01278
1 -0.33167 -0.14574 -0.17529 0.25501 0.04989 0.42178 -0.12234 -0.04413 0.04811 -0.09059 0.18171 -0.02103 -0.04202 -0.02874 0.05727 0.07674 0.06825 -0.04556 -0.00507 0.10743
1 -0.28826 -0.13197 0.1184 0.12546 -0.17818 0.16301 -0.05982 0.29948 0.01272 -0.13255 -0.14277 0.17372 -0.04412 -0.09371 -0.09681 0.01809 0.01242 -0.01844 0.13733 0.06224
1 -0.41426 -0.15465 0.15724 -0.32385 0.04364 -0.03795 0.10637 0.0578 -0.05238 -0.0453 -0.0531 0.00046 0.02698 -0.0503 -0.01533 -0.08 0.09262 -0.05153 0.06887 0.04693
1 -0.37906 0.05369 -0.05933 -0.15203 -0.2537 -0.26275 0.06728 0.18895 0.12212 -0.01427 -0.15124 0.12958 0.07055 -0.10291 -0.0482 0.02803 -0.00396 -0.06117 0.07551 -0.0008
0 -0.41984 0.0747 -0.39154 0.02384 -0.22767 -0.21948 0.06737 0.05818 0.16968 0.06324 -0.04044 0.14318 0.06252 -0.00173 -0.01317 0.06389 -0.0189 -0.03421 -0.10237 -0.04479
1 -0.42902 -0.07868 -0.09042 -0.26707 0.02766 -0.07757 0.04881 -0.26962 0.06571 -0.03015 -0.20277 -0.00244 0.06898 0.11098 0.01677 -0.05053 -0.03239 -0.01867 0.04386 -0.04377
0 -0.4088 -0.12678 -0.12926 -0.08874 -0.00537 0.29989 -0.00325 -0.16557 0.25593 -0.10348 0.11976 -0.04796 0.00249 0.04055 0.07387 -0.00056 0.0875 -0.11774 -0.05672 0.06843
1 -0.05781 -0.19138 0.01001 0.4704 -0.08173 0.02226 0.11474 -0.17846 0.07422 0.03837 0.22932 -0.06343 0.02091 -0.04783 0.08469 0.09237 0.05338 -0.07688 -0.04171 0.09815
0 0.0436 0.48964 0.19433 0.00227 -0.39097 0.0538 -0.38001 -0.0962 -0.19811 -0.10198 -0.04225 0.10148 0.00867 -0.0644 -0.0288 -0.09942 0.21664 0.11234 -0.10032 0.00708
0 0.38549 0.01144 -0.0454 -0.18492 0.38519 -0.23109 -0.26459 -0.01919 0.16413 -0.13384 0.27291 0.26237 0.06232 0.05918 -0.01244 0.04292 0.06597 0.1625 0.03977 0.06805
1 -0.34307 -0.15698 0.2428 -0.34479 0.16551 0.16375 0.05959 -0.02958 -0.10769 -0.04524 -0.01672 -0.04526 -0.06601 0.10688 0.00987 -0.07767 -0.02708 0.08615 0.01894 -0.1655
1 -0.17119 0.01888 0.20909 -0.14666 0.44541 -0.18611 -0.23678 0.03099 0.15159 0.07128 -0.17833 -0.25395 -0.04943 -0.08361 -0.08827 -0.00452 0.14393 -0.06175 -0.18438 -0.01979
1 -0.41762 -0.15034 0.14675 -0.30169 0.05361 -0.0647 0.02397 -0.08201 -0.04312 -0.07275 -0.22485 0.00509 0.01678 -0.01781 -0.00338 0.0001 -0.02218 -0.00841 0.12459 -0.02805
0 -0.05482 0.34976 -0.00967 0.12675 -0.35228 -0.06426 -0.23073 0.03784 -0.08709 -0.0682 -0.16668 0.2124 0.02673 0.06386 -0.21747 0.15455 0.20783 0.06598 -0.00052 -0.06917
0 -0.20526 0.09343 -0.22239 0.30717 0.23117 -0.19267 -0.27424 0.0937 0.10679 0.12163 -0.10691 -0.16396 -0.11554 -0.273 -0.05376 0.03993 -0.16088 -0.03332 -0.03332 0.00864
0 0.19449 0.75724 -0.02292 0.13931 0.39014 0.15179 0.50895 -0.01916 0.02554 -0.20749 -0.12223 0.0638 -0.02336 -0.08695 0.08184 0.01515 0.02265 0.01685 -0.01305 0.00537
0 0.19494 0.75924 -0.02297 0.13964 0.39158 0.1528 0.51127 -0.01942 0.02596 -0.20844 -0.12284 0.06388 -0.02283 -0.08719 0.08156 0.01523 0.02223 0.01694 -0.01265 0.00538
1 0.07256 -0.1843 0.32341 0.36763 -0.30805 -0.00171 0.18212 0.01342 0.09403 0.04458 -0.04518 0.08369 -0.05652 0.06719 -0.0025 0.03839 -0.09172 0.0811 -0.03078 0.08651
1 -0.05352 -0.21406 0.36872 -0.04028 0.03437 -0.20418 0.27231 -0.25038 -0.07678 0.08946 0.12927 0.05029 -0.03047 0.0028 -0.06824 0.00036 -0.14761 0.08227 -0.11882 -0.07455
0 0.1461 -0.20179 0.08012 -0.02 -0.20335 -0.28896 0.18978 -0.05767 0.14367 -0.23663 0.10185 -0.19 0.06783 -0.11791 -0.0578 -0.02106 0.10567 0.03518 0.13976 -0.03199
1 -0.32975 -0.09218 0.18225 -0.25919 -0.15555 0.28561 0.00555 0.02314 0.27095 -0.15478 -0.04297 0.04168 -0.01955 -0.00694 -0.01094 -0.01875 -0.01986 -0.07691 0.05956 -0.0036
0 -0.00814 0.46528 0.14974 -0.17352 -0.22769 -0.13386 -0.20985 -0.01669 -0.18973 0.07414 0.1287 -0.08442 0.05129 -0.11201 0.31678 0.19187 -0.1992 -0.16443 0.11216 -0.0286
1 -0.4827 -0.12861 -0.24504 -0.07796 0.06055 -0.00556 -0.00733 -0.30649 0.01129 -0.03245 -0.13325 0.00665 0.01867 0.06984 0.04583 -0.02411 -0.04285 0.01209 0.00602 -0.03744
1 0.53206 -0.09772 -0.21037 -0.03923 -0.2254 0.10902 0.02606 0.17952 -0.0576 -0.06641 -0.2409 -0.22188 -0.10803 0.15922 0.04452 -0.0427 -0.13392 0.03143 -0.15841 0.11296
1 -0.439 -0.04051 -0.28982 -0.03268 -0.20472 0.06819 0.04602 -0.05414 0.26358 -0.04104 0.03212 0.09228 -0.02131 0.0726 0.0557 0.07446 -0.01999 -0.04339 -0.11904 -0.04149
0 0.6025 -0.20768 -0.11159 -0.07374 0.03562 0.09282 -0.00919 -0.05492 -0.11155 0.19149 -0.12805 0.17363 0.00636 -0.03082 0.11157 -0.01987 0.07822 -0.16313 0.00071 -0.11418
1 -0.48726 -0.14982 -0.20175 -0.12981 0.097 0.0037 0.08716 -0.13877 -0.03007 0.01366 0.0708 -0.03513 0.035 0.02558 0.05978 -0.1336 0.11209 -0.02549 -0.06463 0.07051
0 -0.03392 -0.20565 0.35692 0.02851 -0.07988 -0.19203 0.20224 -0.37774 0.06228 0.0188 -0.01825 0.06246 -0.00905 -0.02505 -0.0797 0.02636 -0.16506 0.04403 -0.02847 0.01739
1 -0.40334 -0.10524 -0.15479 -0.07428 -0.07368 0.31489 -0.00149 -0.15669 0.28816 -0.10852 0.10605 -0.00439 -0.0224 0.08211 0.07217 0.01386 0.02366 -0.08181 -0.07717 0.00156
0 -0.27762 0.06767 -0.31841 0.23861 -0.06858 -0.0712 0.04268 0.31441 -0.01593 0.10698 0.24983 0.08726 -0.07569 -0.13462 -0.04036 -0.20657 -0.04693 0.00209 -0.0993 -0.01997
1 -0.30648 -0.0144 0.07729 -0.23277 -0.15576 0.04449 0.16435 0.36436 0.18093 0.00812 0.20429 0.08305 -0.0887 -0.0562 0.00609 -0.25302 -0.08785 -0.02441 -0.07879 -0.104
1 -0.40231 -0.14791 0.15868 -0.33956 0.12169 -0.07327 0.11023 0.03211 -0.17198 0.01046 -0.07687 -0.01385 -0.02787 0.04954 0.02493 -0.08318 -0.04282 0.09762 0.03873 -0.12089
1 -0.40904 -0.16718 -0.26356 0.27597 0.16534 0.13115 -0.12888 -0.12776 -0.21935 -0.01605 0.0006 0.00068 -0.08556 -0.04655 0.03709 0.04198 -0.03689 0.06345 0.04811 0.03157
1 -0.13837 0.01655 0.25581 -0.15966 0.45281 -0.0359 -0.25074 -0.00448 0.17979 0.03779 -0.13467 -0.25794 -0.07107 -0.02983 -0.09983 0.00181 0.16889 -0.06595 -0.20775 -0.05551
0 -0.32184 -0.04751 0.18226 -0.33802 0.11104 -0.09147 0.12397 0.21233 -0.1606 0.11226 0.07414 -0.1558 -0.005 0.07827 0.15708 0.28667 0.1342 0.07653 -0.00413 0.14333
1 0.55572 -0.07918 -0.15073 -0.0218 -0.20653 0.19917 0.07074 0.06952 0.00182 0.28936 -0.25705 -0.13996 -0.14757 0.0554 0.10408 -0.06498 0.03805 0.04502 -0.04426 -0.00306
0 0.23732 -0.08617 0.03181 0.26535 -0.39399 -0.09863 0.11637 0.18864 0.02656 -0.17258 -0.12919 -0.18234 -0.0492 0.17607 0.02095 -0.02 0.04226 0.15458 0.00688 -0.12518
0 -0.10164 0.39724 -0.02295 -0.03584 -0.39335 -0.12625 -0.20652 -0.07776 -0.00248 -0.0519 -0.1448 0.18821 0.07702 0.07678 -0.16203 0.16478 0.15057 -0.02005 -0.02023 -0.07714
0 0.564 -0.15004 -0.15619 -0.2341 -0.10223 0.09692 0.09465 -0.1208 0.1129 0.21266 0.00696 -0.04188 -0.18098 -0.23092 -0.07643 0.02816 0.10825 0.11322 0.12015 -0.02783
1 0.46566 -0.17849 -0.1559 -0.33021 0.11558 -0.10883 0.03297 -0.06646 -0.14461 -0.1718 0.1847 0.0907 -0.0814 -0.0831 -0.16799 0.07229 -0.08623 0.01215 -0.08351 -0.08395
1 0.26875 0.13767 -0.12387 -0.09694 0.00376 0.00435 0.03251 0.03065 0.02423 0.02817 0.21658 -0.1523 -0.08566 0.01275 -0.16139 -0.02817 -0.05377 0.00339 -0.02064 -0.04205
1 0.09338 -0.17611 -0.20644 0.41673 -0.17089 -0.11722 0.09085 -0.01029 0.04556 -0.17861 0.16144 -0.27359 0.07127 0.00044 0.12856 0.02388 0.1581 -0.03104 0.08994 -0.14926
1 0.45963 -0.03316 -0.12543 -0.17975 0.19817 -0.16266 -0.22225 -0.00616 0.26571 -0.13643 0.09908 0.11462 -0.05337 0.06026 0.06246 -0.00354 -0.11201 0.29025 0.17558 0.15477
0 0.19711 -0.28362 0.15394 0.20487 -0.02427 -0.23819 0.13258 0.09427 -0.19234 -0.21943 0.07155 -0.05764 0.14082 -0.01941 -0.02159 -0.0665 0.1437 -0.11115 0.056 -0.12327
1 -0.26275 -0.21046 0.26961 -0.00191 0.13668 0.33465 -0.05243 0.17668 -0.18944 -0.09624 -0.01484 0.06815 -0.007 -0.02544 -0.10841 -0.05144 0.10575 -0.03116 0.09798 0.05527
1 -0.47019 -0.0232 -0.34007 -0.03941 0.05111 -0.29936 0.04685 -0.13922 -0.08855 0.10821 -0.16266 0.00526 0.11737 -0.03415 0.01442 -0.07561 -0.03248 0.02655 0.03171 0.0384
0 0.1263 0.41755 0.23582 0.00468 -0.36901 -0.03408 -0.20376 -0.26685 -0.08319 -0.01615 0.06783 -0.05002 -0.04015 -0.04959 -0.00446 -0.17673 0.06103 0.16805 -0.16974 0.14396
0 0.60693 -0.16294 -0.1495 -0.03818 -0.15189 0.18977 0.06355 0.05127 -0.00131 0.27694 -0.21994 -0.06083 -0.08073 -0.00993 0.13016 -0.05549 0.0691 -0.0124 0.00363 -0.02297
0 -0.37563 -0.02093 -0.37747 0.30904 0.06143 -0.14651 -0.1032 -0.04839 -0.21175 0.05982 -0.10873 0.05096 -0.02 -0.13194 -0.05231 0.01815 -0.08781 0.05605 0.10478 0.02558
0 0.22767 -0.26489 0.11646 0.28078 -0.18297 -0.20515 0.11247 0.13836 -0.00935 -0.26068 -0.01326 -0.14844 0.12598 -0.01815 0.03669 -0.0598 0.1383 -0.05143 0.13727 -0.05943
0 0.33385 -0.04227 0.09772 0.16441 -0.15726 0.07349 0.11465 -0.03481 0.06117 0.37287 -0.12439 0.09445 -0.29729 0.16736 0.16585 -0.09823 0.11334 -0.11938 0.11033 0.04336
1 -0.2364 -0.14782 0.20443 0.07645 -0.10913 0.40851 -0.08893 0.21677 0.06249 -0.14581 -0.08126 0.12267 -0.01032 -0.03095 -0.08079 -0.00044 0.0004 -0.00947 0.11618 0.05773
0 -0.34409 0.08299 -0.30212 -0.02014 -0.11609 -0.17673 0.15133 0.25608 0.12125 0.13675 0.2196 0.08669 0.0077 -0.06087 0.00747 -0.26805 -0.04095 -0.03038 -0.18306 -0.0494
0 0.10301 0.34773 0.2898 -0.03601 -0.31184 -0.06642 -0.15201 -0.26023 -0.10591 0.01045 0.13942 -0.06646 -0.03033 -0.15361 0.14245 -0.12799 -0.14862 0.0263 -0.06131 0.10756
1 -0.40753 0.03566 -0.2091 -0.18849 -0.02003 -0.32536 0.07406 -0.15153 -0.00987 0.07849 -0.25136 0.03105 0.16446 0.04485 -0.01759 -0.0627 -0.03822 -0.00578 0.06858 -0.00397
0 -0.02047 0.41966 0.2581 -0.18877 -0.29182 0.09973 -0.30301 -0.16564 -0.12658 -0.07628 0.09912 -0.03078 0.0081 -0.16412 0.23134 -0.08766 -0.14045 -0.1355 0.05462 -0.00935
0 -0.21882 0.05159 -0.01287 0.09583 -0.13752 -0.09299 0.08085 0.52403 -0.03797 0.0479 0.12572 0.15003 -0.07728 -0.11701 -0.10576 -0.21195 -0.05352 0.01406 0.011 -0.0568
1 -0.33077 -0.15691 -0.1151 0.16032 0.24099 0.32915 -0.08952 -0.10091 -0.26702 -0.00807 0.16565 -0.03474 -0.12564 0.10844 0.05939 -0.03001 -0.01935 0.14977 -0.04509 -0.08373
1 -0.40509 -0.14795 -0.0711 -0.16853 0.20471 0.20495 0.0355 -0.21182 -0.09678 -0.00593 0.10283 -0.08219 -0.0694 0.18908 0.09105 -0.10872 -0.00265 0.12431 -0.09765 -0.14789
1 0.55109 -0.11553 -0.16343 -0.21663 -0.1493 0.11536 0.10356 -0.09613 0.10927 0.23653 -0.04563 -0.09575 -0.23322 -0.17462 -0.06416 0.02512 0.06652 0.15771 0.08806 -0.02255
0 0.42008 -0.01293 -0.02733 -0.05296 0.40123 -0.20125 -0.31788 0.08099 0.09552 -0.12766 0.1809 0.30146 0.15384 0.15216 0.11352 -0.01472 0.06009 0.01173 -0.02933 0.0495
1 -0.17425 0.00447 0.22184 -0.14227 0.27682 0.03915 -0.25437 0.01542 0.37144 -0.02123 -0.17323 -0.19835 -0.09114 -0.07446 -0.02985 0.01826 0.00685 -0.0651 -0.08889 -0.03587
0 -0.04229 0.45258 0.2379 -0.18919 -0.35097 -0.00922 -0.31834 -0.14702 -0.17311 -0.06718 0.07581 -0.00795 0.01867 -0.20713 0.26246 -0.04032 -0.14808 -0.14497 0.07323 -0.0244
1 -0.25542 -0.02808 0.1544 -0.24465 -0.0989 0.24698 0.1168 0.27706 0.21425 -0.03248 0.22687 0.03972 -0.09296 -0.00436 -0.00164 -0.24029 -0.08397 -0.02299 -0.06366 -0.11613
0 -0.21058 0.0998 -0.25221 0.32295 0.17655 -0.1803 -0.26789 0.07736 0.11379 0.10657 -0.12502 -0.12241 -0.12343 -0.25471 -0.05288 0.04767 -0.20659 -0.01239 -0.01083 -0.02875
0 -0.00286 0.21978 0.02048 0.2262 0.16716 -0.11126 -0.25965 0.18814 -0.01394 0.09506 -0.06303 -0.11482 -0.12755 -0.20762 -0.13016 0.05893 -0.16583 -0.02948 0.10409 -0.08529
1 0.03493 -0.1525 0.37039 0.19043 0.06194 -0.10718 0.17378 0.04989 -0.18529 0.14841 0.14928 0.01721 0.00858 0.06364 0.01844 0.22515 0.03623 -0.00499 -0.12162 0.13712
1 -0.39917 -0.01658 -0.00702 -0.21062 -0.00428 -0.33539 0.05268 0.02292 -0.11174 0.03713 -0.2593 0.02464 0.10741 -0.07203 -0.02427 -0.0013 -0.03133 0.00746 0.15272 0.00462
1 -0.11107 0.20215 0.18993 -0.24499 -0.1012 -0.01751 0.05016 0.34097 -0.00235 0.10046 0.2557 -0.06749 -0.10368 -0.04487 0.17185 0.02735 -0.16242 0.01707 -0.0322 -0.09528
1 -0.33617 0.15411 -0.36201 0.03643 -0.29398 -0.17679 0.04839 0.09013 0.18684 0.06183 -0.02017 0.1956 0.03508 0.08281 -0.05218 0.13661 -0.01543 -0.01024 -0.16348 -0.12513
0 0.05745 0.45856 0.20876 -0.0114 -0.33089 0.13923 -0.3543 -0.11283 -0.15896 -0.09318 -0.00953 0.06691 0.01768 -0.04484 -0.01656 -0.14266 0.17491 0.09226 -0.09808 0.03599
1 0.13583 0.35336 0.00237 0.03103 0.07736 0.05214 -0.0298 -0.01565 0.01592 0.15101 0.13509 -0.10639 0.05197 0.20588 -0.20361 -0.0265 -0.08068 -0.07681 0.08906 0.00615
0 0.19488 0.75819 -0.02295 0.13947 0.39096 0.15278 0.51017 -0.01934 0.02593 -0.2078 -0.12256 0.06368 -0.02235 -0.08698 0.08131 0.01521 0.02209 0.017 -0.01266 0.00532
0 0.19567 0.76012 -0.02279 0.13953 0.39231 0.15436 0.51205 -0.01966 0.02659 -0.20792 -0.12274 0.0631 -0.02051 -0.08642 0.07945 0.01499 0.02071 0.0171 -0.01157 0.00532
0 0.21243 0.36877 0.13683 0.08079 -0.34183 -0.05642 -0.21549 -0.10337 -0.16358 -0.10509 -0.02992 -0.13281 -0.02023 0.03685 -0.03493 -0.2136 0.20791 0.24848 -0.15679 0.06025
0 0.18664 0.39576 0.1307 -0.01284 -0.35806 -0.08546 -0.20371 -0.18917 -0.11297 -0.09936 0.03696 -0.15792 -0.03773 -0.01642 -0.04129 -0.18169 0.13893 0.228 -0.13354 0.08078
0 -0.10673 0.1554 -0.17942 0.14475 0.10947 -0.08468 0.00269 0.06734 -0.13816 0.15602 0.08875 -0.01622 0.06299 0.07636 -0.19073 -0.2538 0.12304 -0.07436 0.04733 0.35431
0 0.31667 -0.09873 0.15248 0.13343 0.03616 -0.01015 0.06869 -0.13156 -0.0584 0.32417 -0.05419 0.22309 -0.19943 0.11411 0.13093 -0.06104 0.11142 -0.23092 0.08696 -0.02956
1 -0.3533 -0.16534 0.24567 -0.33322 0.09512 0.20982 0.05497 -0.0071 0.00834 -0.09516 0.00704 -0.03527 -0.0063 0.01139 -0.02536 -0.07539 0.09402 -0.05178 0.04819 -0.00523
0 0.31753 0.02823 0.06699 0.15346 -0.20042 0.08948 0.10662 -0.00825 0.06145 0.3634 -0.14303 0.04225 -0.32019 0.20948 0.13959 -0.09737 0.09509 -0.06163 0.06902 0.04152
0 -0.04138 0.47552 0.15832 -0.14088 -0.33076 -0.12942 -0.28431 -0.0821 -0.19643 -0.01581 0.04958 0.01113 0.05331 -0.19425 0.22044 0.02664 -0.12537 -0.13082 0.09057 -0.05817
1 -0.22759 0.06411 0.10904 -0.19034 -0.31052 0.26715 -0.00846 0.07409 0.26192 -0.10253 -0.01438 0.10731 -0.0674 0.11825 -0.0158 0.05938 -0.08065 0.01269 -0.04266 -0.1002
0 0.24397 -0.08886 0.13498 0.27883 0.14265 -0.30799 -0.20944 0.10937 0.25261 -0.14502 -0.09209 -0.0784 0.04638 0.07909 0.16282 -0.08332 -0.06094 0.12034 0.13541 -0.11495
1 -0.38715 -0.15049 -0.22083 0.20416 0.20886 0.11477 -0.05629 -0.04352 -0.32396 0.04432 0.10521 -0.0024 -0.11517 0.01903 0.04463 -0.06742 -0.04538 0.14937 -0.02051 -0.04262
1 -0.34165 0.04781 -0.40926 0.33198 -0.16081 -0.09319 -0.0477 0.15913 0.0054 0.03856 0.02296 0.12939 -0.05107 -0.09968 -0.05234 0.10763 -0.03206 0.02388 -0.02198 -0.01929
1 -0.0294 -0.19565 0.34497 0.04869 -0.19686 -0.138 0.25148 -0.21727 0.22451 0.01407 0.10221 0.00619 0.00862 -0.11776 -0.05862 0.02046 -0.0436 -0.01861 -0.02 0.15343
0 0.16648 -0.02221 -0.11275 0.08938 0.06402 0.44076 -0.06732 -0.03996 0.06078 0.15059 0.14708 -0.13903 0.43809 -0.04129 0.001 0.08219 -0.01783 0.07601 -0.04545 -0.03653
0 0.51385 -0.20604 -0.18382 -0.32637 0.08134 -0.107 -0.00757 -0.10418 -0.07017 -0.21934 0.10736 0.07002 -0.06497 -0.09221 -0.14685 0.08737 -0.09174 0.02489 -0.0136 0.02633
1 0.23817 -0.09277 0.15874 0.2655 0.2192 -0.33274 -0.23086 0.12226 0.25777 -0.13492 -0.04491 -0.07256 0.07658 0.05545 0.1539 -0.06427 -0.0038 0.08307 0.10094 -0.09977
0 0.18285 0.6429 -0.01469 0.10509 0.30333 0.12058 0.35164 -0.01363 0.01645 -0.10542 -0.05079 0.01709 0.00713 -0.0226 0.00797 -0.00695 -0.00949 0.00885 -0.00108 -0.00403
1 0.45653 -0.05037 -0.04777 -0.05677 0.37972 -0.19607 -0.31974 0.08644 0.09975 -0.14478 0.13822 0.29624 0.141 0.16231 0.14396 -0.01924 0.02208 0.02891 -0.01137 0.06705
1 0.02275 -0.26353 0.41001 0.25725 0.06186 -0.113 0.18617 -0.08339 -0.2184 0.09315 0.06452 0.13995 -0.01845 0.04609 -0.05371 0.00861 -0.11662 0.00468 -0.10882 -0.04126
0 0.30311 0.0403 0.12749 0.16319 0.13257 -0.07451 -0.11527 -0.04311 0.20841 0.30703 -0.06416 0.16953 -0.19369 0.17531 0.2263 -0.11262 0.04283 -0.04879 0.16564 0.0245
1 -0.40069 -0.12125 0.12071 -0.27146 -0.00788 -0.04925 -0.0034 -0.13073 -0.00885 -0.10082 -0.27189 0.04792 0.01694 -0.0044 -0.02956 -0.00329 -0.0572 -0.01308 0.13999 -0.05588
1 0.48782 -0.19739 -0.17015 -0.32702 0.06926 -0.08621 0.04343 -0.05642 -0.08933 -0.19287 0.19474 0.04195 -0.0411 -0.15491 -0.19178 0.07263 0.00209 -0.04226 -0.05163 0.00938
1 0.09353 -0.08372 0.38542 0.27285 0.36405 -0.24729 -0.18126 -0.04548 0.14367 0.11638 -0.0282 0.0131 0.00553 0.00393 -0.02162 0.02999 -0.00276 -0.05979 -0.22361 -0.01324
0 0.57572 -0.25404 -0.16744 -0.11816 0.08816 -0.03186 -0.07061 0.06659 -0.20034 -0.21084 -0.05593 0.11782 0.07692 0.0604 0.04654 0.00421 -0.0876 -0.18537 -0.1095 0.02397
0 0.04139 -0.17044 -0.16607 0.1149 -0.14219 -0.23463 0.17634 -0.15816 0.16861 -0.17502 0.21739 -0.25585 0.10008 -0.07724 0.01881 -0.00243 0.17964 -0.02356 0.08885 -0.07176
0 -0.2197 0.01264 -0.1754 0.31033 0.23154 0.01207 -0.31661 0.00624 0.17809 0.04349 -0.08756 -0.14003 -0.16483 -0.17684 0.01068 0.07389 -0.17275 -0.00584 -0.05579 -0.02696
1 0.55372 -0.15996 -0.13923 -0.24171 -0.04742 0.07249 0.08182 -0.13106 0.10248 0.18928 0.06825 0.00425 -0.12266 -0.26768 -0.08601 0.04594 0.15495 0.06112 0.13181 -0.02848
0 0.28047 -0.05675 0.0324 -0.01311 -0.01706 0.48407 -0.03733 0.09484 0.06827 0.18263 -0.06696 -0.07003 0.53326 -0.073 -0.07574 0.00436 -0.13827 0.15274 -0.02609 -0.01782
1 0.35658 -0.08491 0.08776 0.04905 -0.01014 0.35719 0.03786 -0.01429 0.07292 0.36805 -0.03488 0.01017 0.454 -0.14988 -0.02907 0.01416 0.00156 0.07635 0.00438 -0.04824
