0 -0.22393 0.04142 -0.11629 0.08935 -0.28577 -0.24494 -0.20607 0.36215 -0.27557 0.11147 0.17548 0.30847 0.01686 0.06703 0.04145 0.05501 -0.00374 0.03563 0.03262 -0.01461
0 -0.06239 -0.31718 -0.17421 -0.11082 0.36581 0.12931 -0.10959 0.04019 0.19122 -0.09662 0.31594 0.0947 0.01606 -0.02152 -0.02751 -0.06882 -0.02218 -0.02878 -0.0198 0.03024
0 -0.35855 0.19902 0.09165 0.19421 -0.15828 -0.10492 -0.00899 0.23217 0.34452 -0.06416 -0.06763 -0.27563 -0.16316 0.02115 0.01796 -0.18131 -0.22086 0.1439 0.10954 -0.00214
0 -0.25893 0.03322 -0.02584 0.01224 -0.33758 -0.19871 -0.20858 0.39908 -0.2928 0.07144 0.23106 0.34681 0.12828 0.08331 0.02743 0.07655 -0.0461 0.06601 -0.01686 -0.09122
1 -0.16452 -0.28376 -0.06918 -0.21463 -0.07949 0.03416 0.00577 0.04509 0.12124 0.09052 -0.15232 -0.07603 0.19546 -0.29972 -0.00366 0.25219 -0.17307 -0.04592 0.24564 -0.17508
0 -0.32545 -0.40823 0.6668 0.00728 0.22725 -0.10513 -0.18932 -0.15957 -0.03571 0.12935 -0.10402 0.10608 -0.1004 -0.01078 0.11195 -0.10783 -0.06101 -0.12821 -0.0674 -0.03388
0 -0.27462 -0.39608 0.67496 0.04194 0.2383 -0.09449 -0.1952 -0.11945 -0.14951 0.12527 -0.02505 -0.08471 -0.12352 0.01455 -0.16059 0.03191 0.08162 0.15242 -0.01657 0.00158
0 -0.1274 -0.16566 0.48275 0.05855 0.02475 0.00962 0.06213 -0.03246 -0.02827 0.01904 0.15522 -0.1177 -0.00671 -0.02094 -0.27226 0.23966 0.1956 0.2412 0.20315 0.05251
0 0.10485 -0.09457 -0.29778 0.3256 0.19691 -0.06894 -0.08656 -0.07479 -0.1673 -0.00615 0.16281 -0.01573 -0.01888 -0.17013 -0.00404 -0.04121 -0.05262 -0.04177 0.14705 -0.01301
0 -0.18285 0.52081 0.06972 0.09338 -0.02529 0.22534 -0.17101 -0.15127 0.11715 0.11796 -0.11737 -0.0003 0.24965 -0.03715 -0.10414 -0.08301 -0.1802 0.14805 -0.19281 0.04795
0 0.26067 -0.33525 -0.26853 -0.15819 0.02061 0.04647 -0.25774 0.18684 -0.0751 0.04849 -0.16735 -0.17527 0.03034 0.12187 -0.02008 -0.02084 0.04509 -0.05538 -0.02992 0.05358
0 -0.29519 0.17372 -0.00193 0.06622 0.0333 -0.04022 0.10757 -0.14991 0.02251 0.10992 -0.03911 -0.03986 0.18998 0.37235 0.17167 0.30996 0.01076 0.05373 -0.05847 0.09351
0 -0.13184 0.28706 -0.16105 0.05308 0.24409 0.00537 0.20226 -0.00091 -0.13361 0.23634 -0.13498 -0.00747 -0.12125 -0.04026 0.12767 0.05604 0.07123 -0.04563 0.06652 0.05836
1 0.47118 0.10302 0.05098 -0.26039 -0.08418 -0.19835 -0.05612 -0.05716 0.0121 -0.03429 -0.02482 -0.03531 -0.06296 -0.02599 0.06223 -0.10791 0.01513 0.01527 0.17396 -0.03814
0 0.30707 -0.26108 -0.01661 0.37222 -0.1753 0.18423 -0.04266 -0.03806 -0.01821 -0.11222 -0.06393 -0.0477 -0.02339 -0.02807 -0.06561 0.18145 0.00351 -0.05033 -0.15336 0.00017
0 0.25156 -0.31891 -0.28558 -0.16456 -0.00184 0.04028 -0.26022 0.17824 -0.0845 0.05994 -0.17239 -0.16219 0.02937 0.14258 -0.01838 -0.02703 0.04607 -0.05507 -0.02352 0.05103
0 0.02963 -0.41904 -0.29598 -0.34883 0.03441 0.09239 -0.15541 0.10531 0.24411 0.08366 -0.12205 0.0651 0.05324 0.01742 -0.05699 -0.04924 0.10569 0.02656 0.07935 0.08719
0 -0.25834 0.41628 -0.08255 0.16867 -0.00468 0.28495 -0.09682 -0.12452 0.0765 0.22763 -0.06698 -0.07267 -0.01759 0.07492 0.07193 -0.10794 -0.21478 0.24903 -0.04785 0.0266
0 -0.30872 -0.30968 0.44205 -0.03859 0.18736 0.00076 -0.12633 -0.07237 0.01629 -0.11372 0.00315 0.1198 0.02834 0.01947 0.28224 -0.19313 -0.055 -0.19927 -0.02972 -0.09359
0 0.32944 -0.19924 -0.09971 0.38619 -0.25693 0.19532 -0.15043 -0.04989 -0.06757 -0.07951 -0.10581 -0.01124 -0.06602 0.0698 0.00851 0.0104 0.07082 -0.05896 -0.01418 0.01712
0 0.36269 -0.2983 -0.25763 0.03785 -0.00896 -0.00719 -0.25699 0.12121 -0.13825 0.00596 -0.1196 -0.19447 0.00945 0.1323 -0.01348 -0.03582 0.02363 -0.06454 -0.06868 0.0234
0 0.13806 0.45145 -0.04815 -0.11324 0.32859 -0.07202 -0.01981 -0.08844 -0.12726 -0.07403 -0.02697 0.09998 0.08984 -0.16183 -0.08306 -0.02368 0.03872 -0.05791 0.05511 -0.00741
0 0.17136 0.47333 -0.01027 -0.03466 0.29371 -0.06058 -0.02519 -0.08764 -0.14626 -0.09562 -0.03911 0.10743 0.11083 -0.1765 -0.102 -0.03789 0.02193 -0.04766 0.06356 0.00174
1 -0.13964 0.3768 -0.09591 0.15395 -0.04184 0.34931 -0.12372 -0.097 0.00236 0.25257 -0.02848 -0.03324 -0.05345 -0.07969 0.0678 -0.17768 -0.16732 0.20193 0.02508 0.01612
0 -0.24804 -0.35281 0.61507 0.07495 0.18025 -0.10655 -0.13046 -0.10283 -0.14537 0.13833 0.00125 -0.13679 -0.1085 0.01155 -0.26317 0.12152 0.12485 0.26417 0.01929 0.0302
1 -0.29646 0.37165 -0.27814 0.06223 0.23614 -0.00846 0.05683 -0.20697 -0.03187 0.2052 -0.02345 -0.06326 -0.19278 0.12909 0.14959 0.16396 0.06299 -0.02088 0.05182 0.0527
0 -0.01572 0.03999 -0.33393 0.09567 0.25166 0.14826 -0.24776 0.06396 -0.32348 -0.07924 0.11402 -0.10834 -0.04713 -0.0544 0.05742 -0.00398 -0.06585 -0.01864 0.02588 0.01572
0 -0.36101 -0.06632 0.09786 -0.00349 -0.2693 -0.14352 0.27241 -0.00044 -0.02102 -0.10936 0.09538 -0.17354 0.05032 -0.04392 -0.12589 -0.07577 -0.27631 -0.25859 0.06047 0.55518
1 -0.26928 0.32797 0.15736 0.15987 -0.10555 -0.02696 -0.10786 0.22517 0.36847 -0.13114 -0.10165 -0.15617 0.01131 -0.00957 -0.12907 -0.15298 -0.08843 0.0719 -0.06919 -0.19577
0 0.24306 -0.05765 0.10385 -0.14024 -0.09517 -0.16603 0.09498 -0.04102 0.14373 0.00348 0.03208 -0.00919 0.07537 0.06548 0.02717 0.18962 -0.16123 0.09913 -0.1584 0.04778
0 -0.35467 0.19812 -0.13996 0.15989 -0.12952 -0.22329 -0.20703 0.36915 -0.12813 -0.02843 0.15173 0.08451 -0.15639 -0.07671 0.08341 0.08719 0.02352 0.00371 -0.04128 0.06946
0 0.40782 0.20349 0.30834 -0.14323 -0.3358 0.28241 -0.10519 -0.04933 0.10278 -0.00514 0.18118 -0.03699 -0.05092 0.00378 0.01154 0.07658 0.08439 -0.14918 0.00624 -0.00241
0 0.4983 0.14547 0.10387 -0.17899 -0.06768 -0.24383 0.03664 -0.04847 -0.04225 -0.07604 -0.03568 -0.02054 -0.08084 -0.03552 0.09457 -0.09172 -0.01868 0.04508 0.15538 -0.04866
0 0.28973 -0.01037 0.1382 0.12771 -0.1221 0.29124 0.29277 0.19577 0.00411 0.16324 -0.11325 0.05456 -0.09711 0.12474 0.07996 -0.01364 0.14309 -0.06201 -0.07513 0.05855
1 0.51681 0.11722 0.12025 -0.26277 -0.00309 -0.16431 0.09265 0.00729 0.01072 -0.08531 -0.01656 0.03461 -0.03424 0.13635 0.03369 -0.01197 -0.02272 0.07184 -0.03396 0.05384
0 -0.36297 -0.04957 -0.3703 -0.25485 0.1648 0.20993 -0.01126 -0.11884 0.00083 -0.13585 0.13737 0.02329 -0.2249 -0.00183 0.12517 0.07213 -0.00274 0.06333 -0.06817 -0.07194
0 0.54005 0.09051 0.10661 -0.26719 0.05404 -0.22978 0.11338 -0.00964 0.02478 -0.06186 0.03274 -0.00836 -0.04417 -0.00688 0.03396 0.04145 -0.11679 0.10804 -0.04988 -0.00538
1 -0.4133 0.18473 -0.06135 0.12792 -0.24451 -0.26787 -0.12842 0.35151 -0.10201 -0.02988 0.15771 0.00368 -0.09783 -0.10439 0.09136 0.03606 -0.06208 -0.00172 -0.01634 0.2393
0 0.12759 -0.38417 -0.2449 0.07294 0.13373 -0.1847 0.0369 -0.0846 0.41315 0.21946 0.26421 0.01325 0.18171 -0.09085 -0.11484 -0.01453 -0.02051 0.00337 -0.14585 -0.01691
0 0.31038 -0.07704 -0.02446 -0.03795 0.13734 -0.05781 0.372 0.2379 -0.01369 0.20704 -0.15693 0.03014 -0.04885 0.13306 0.10295 -0.06173 0.06021 0.03631 -0.11495 0.07135
0 0.12879 -0.36636 -0.31341 0.06367 0.15542 -0.17941 0.00698 -0.10867 0.39544 0.22572 0.29651 0.03758 0.13407 -0.04467 -0.10702 -0.06948 0.02454 -0.0023 -0.10114 -0.00878
1 0.29179 0.07431 0.0725 0.05161 -0.27467 0.34986 -0.10616 0.03888 0.0063 0.22017 0.03124 0.0366 -0.08664 0.01854 0.06995 -0.0559 0.1067 -0.04447 0.01987 -0.00861
0 0.37202 0.09299 0.34993 -0.1133 -0.25515 0.25738 -0.00113 -0.02251 0.10917 -0.04771 0.22066 -0.08205 -0.04739 -0.05594 -0.03714 0.25371 0.02406 -0.1193 -0.08155 0.00484
0 -0.03786 0.49688 0.14856 0.04461 -0.01226 0.3342 -0.17356 -0.09155 0.09231 0.01272 -0.01029 0.00477 0.24793 -0.086 -0.14575 -0.11264 -0.13544 0.06259 -0.13536 -0.0201
0 0.06261 0.11285 0.13555 0.20935 0.181 0.41263 0.34986 0.25814 -0.03214 0.03172 -0.00785 0.04617 0.01989 0.11875 -0.07453 -0.13452 0.02842 -0.02258 0.06365 -0.03108
0 0.53265 0.14913 0.06908 -0.28568 0.0144 -0.25486 0.054 -0.03067 0.00121 -0.04934 -0.01366 0.01374 -0.05731 0.0569 0.06401 -0.0635 -0.03614 0.07986 0.04743 -0.00506
0 0.25533 -0.2408 -0.10694 0.6184 -0.22992 0.02828 0.0476 -0.21083 -0.00409 -0.21213 -0.14667 0.16759 -0.05508 -0.01155 0.00635 0.02133 0.04825 0.03594 0.02599 0.00461
1 -0.03155 0.53356 -0.09913 -0.05824 0.30161 -0.00067 -0.1164 -0.16759 -0.0436 -0.08665 -0.07375 0.0596 0.11537 -0.05895 -0.09875 0.00232 0.04609 -0.06796 -0.00802 -0.00393
0 0.57427 0.13948 0.1267 -0.19168 0.00425 -0.2167 0.10655 -0.04056 -0.01667 -0.1096 0.01919 0.01698 -0.06323 0.04103 0.03957 0.00663 -0.08702 0.09689 -0.04255 0.00087
1 -0.08237 0.5094 -0.16075 -0.07436 0.18518 -0.06168 -0.13222 -0.23101 -0.08573 0.05753 -0.09617 0.06235 0.0434 -0.17122 -0.0587 -0.00262 0.05585 -0.04354 0.00539 0.05046
0 0.13487 -0.29851 -0.15126 -0.11198 -0.11703 -0.03766 -0.11651 0.12926 -0.04347 0.18977 -0.23501 -0.23616 0.18619 -0.16372 0.01348 0.28785 -0.19408 -0.0951 0.08338 -0.16409
1 0.54385 0.0654 0.08765 -0.26766 0.00413 -0.16301 0.01547 -0.0439 0.05852 -0.06805 0.04967 -0.01159 -0.03853 -0.0031 0.00021 0.05083 -0.08929 0.07632 -0.04956 0.00771
0 -0.3194 -0.37778 0.64511 0.02909 0.1867 -0.12691 -0.15446 -0.15917 -0.03549 0.16468 -0.11126 0.08051 -0.09687 -0.01068 0.06034 -0.05816 -0.05205 -0.08301 -0.05268 -0.01447
0 -0.28908 -0.00168 -0.01622 -0.04462 -0.34006 -0.17718 -0.16271 0.37338 -0.28048 0.05142 0.22834 0.35178 0.1512 0.09095 0.00222 0.07773 -0.05479 0.06399 -0.02768 -0.13456
1 -0.13676 0.01637 0.2214 0.06963 0.11605 -0.04355 0.12105 0.03704 0.02907 -0.19409 0.07268 -0.02529 0.18242 0.07288 -0.06517 -0.05409 0.07181 -0.04744 0.31162 -0.09686
0 -0.3416 -0.36693 0.59858 -0.00655 0.18558 -0.08403 -0.1465 -0.14683 0.01213 0.05982 -0.12423 0.1797 -0.05356 -0.0066 0.26565 -0.17055 -0.11878 -0.25641 -0.07692 -0.05675
0 -0.35992 -0.10733 0.03537 -0.09809 -0.18421 -0.01301 0.24519 -0.1011 -0.04795 -0.18475 0.04167 -0.22304 0.2087 -0.13407 0.2363 -0.13048 0.23764 0.10057 -0.09475 0.00811
0 -0.42526 -0.11655 -0.14779 -0.28 -0.35171 -0.00613 0.2857 -0.18383 -0.16739 0.01593 -0.08223 0.01101 -0.05705 0.10967 -0.27343 -0.09245 -0.0273 -0.04604 -0.05853 -0.14523
0 -0.41999 -0.10125 -0.13669 -0.24227 -0.39941 -0.07954 0.27799 -0.17791 -0.20993 0.05255 -0.00848 -0.10391 0.01314 0.03099 -0.26831 -0.22238 -0.00318 -0.1468 0.03797 -0.10575
0 0.2151 -0.02889 0.1496 0.14669 -0.05726 0.27783 0.32575 0.2018 -0.04696 0.21292 -0.10907 -0.00785 -0.04906 -0.19979 0.06826 0.14316 0.01497 -0.05253 -0.06119 -0.04186
0 -0.05693 0.514 0.08706 0.05039 -0.07233 0.27683 -0.20033 -0.14163 0.04784 0.12411 -0.05007 0.02935 0.19732 -0.17896 -0.09818 -0.13138 -0.13537 0.09994 -0.11149 0.03825
0 -0.01302 0.52968 -0.07355 -0.05467 0.33969 -0.06091 -0.04231 -0.13539 -0.06269 -0.07692 -0.09136 0.06568 0.12074 -0.04947 -0.08213 0.02804 0.06899 -0.09225 0.01979 -0.00236
0 -0.49544 -0.05901 -0.17562 -0.26243 -0.26552 0.04233 0.31643 -0.24241 -0.14465 -0.11396 -0.0185 -0.12196 -0.20052 -0.04439 -0.12187 -0.01826 -0.08305 -0.03007 -0.1662 -0.02578
0 -0.42924 0.18075 -0.01578 0.13937 -0.22151 -0.26132 -0.06731 0.30868 -0.00066 -0.06204 0.11701 -0.08592 -0.11858 -0.08332 0.08658 0.02914 -0.08495 -0.01615 -0.01499 0.30083
0 -0.24874 -0.18946 0.23087 -0.02626 0.07229 -0.0255 0.05643 -0.03085 0.13802 -0.10696 0.05112 0.10931 0.12202 -0.01016 0.1723 -0.05043 -0.04204 -0.13185 0.13854 -0.00982
0 -0.16754 -0.0894 0.14219 0.21972 -0.01377 0.00154 0.12903 0.00084 0.03873 -0.15119 0.06637 -0.00464 0.13154 0.04718 -0.01825 -0.02035 0.00611 0.02831 0.3404 -0.03724
0 0.16559 -0.08563 0.0658 0.05234 0.34945 0.08409 0.46515 0.33911 -0.09361 0.0995 0.02027 0.05745 -0.00468 -0.0495 -0.054 -0.06383 0.03081 -0.00822 -0.05638 0.03831
0 -0.29022 0.42538 -0.01325 0.08731 -0.04399 -0.29118 -0.17529 0.2396 0.10032 -0.05904 -0.07159 0.12003 -0.07991 -0.19479 -0.10951 0.06227 0.22956 -0.11616 -0.14585 -0.02466
1 0.25528 -0.07499 0.02191 0.07526 0.15846 -0.01704 0.43383 0.23954 -0.09743 0.2495 -0.1597 -0.02346 -0.0159 -0.24471 0.10493 0.12349 -0.07648 0.00751 -0.1119 -0.06542
0 -0.26949 0.44376 -0.22058 0.05234 0.22406 -0.00517 -0.02018 -0.17304 -0.05214 0.16793 -0.06148 -0.06086 -0.09346 0.12067 0.121 0.138 0.04071 -0.00675 0.0036 0.05573
0 -0.29927 0.38137 0.03988 0.12608 0.02992 -0.23052 -0.09731 0.23034 0.32458 -0.21263 -0.13973 -0.12826 -0.1101 0.00248 -0.12007 -0.02687 0.13083 -0.11527 -0.02664 -0.16533
0 0.16226 0.00685 0.03887 0.13021 0.38872 0.13271 0.48916 0.32268 -0.12971 0.05377 0.00503 0.07085 -0.00272 0.02615 -0.05701 -0.09978 0.04513 -0.04062 -0.01016 0.01274
0 0.24818 -0.24783 -0.09185 0.62079 -0.18412 0.04879 0.08589 -0.20278 0.00345 -0.22392 -0.10833 0.1718 -0.03607 -0.04609 -0.03346 0.07776 0.00982 0.04793 -0.04588 0.00486
0 -0.41402 -0.15318 -0.21355 -0.35405 -0.33369 0.04135 0.23915 -0.15555 -0.14603 0.00363 -0.12368 0.04945 -0.08642 0.05705 -0.26564 -0.10368 -0.00522 -0.02321 -0.01585 -0.13514
0 0.2108 -0.22139 -0.09308 0.56758 -0.247 0.00352 0.02511 -0.19657 -0.01395 -0.18097 -0.15609 0.13256 -0.05428 -0.04035 0.0389 -0.01045 0.048 0.01982 0.11949 -0.00868
1 -0.22611 0.53988 -0.14295 -0.00853 0.19364 -0.05422 -0.1044 -0.2515 -0.00422 0.05368 -0.14288 0.02423 0.0749 0.00725 -0.05168 0.10455 0.05644 -0.04679 -0.08077 0.06838
0 -0.35374 0.25013 0.06765 0.13227 -0.08506 -0.24504 -0.01644 0.18796 0.30151 -0.14528 -0.11407 -0.20906 -0.12089 -0.03211 -0.06304 -0.03708 0.01861 -0.10012 0.0356 0.03036
1 0.43155 0.17972 0.02057 -0.25607 -0.04146 -0.17186 -0.07955 -0.06301 -0.04327 0.02463 -0.00925 0.08407 -0.01469 -0.01333 0.01758 -0.04828 0.03107 0.03971 0.04177 0.00343
0 -0.2901 -0.05549 0.07977 -0.02572 -0.1713 -0.04021 0.0752 0.00516 -0.14693 -0.1421 0.09906 -0.29638 0.43299 -0.17893 0.41556 -0.15414 0.37091 0.20514 -0.06312 0.0183
1 -0.30369 -0.28779 -0.19619 -0.38513 0.04774 0.24578 0.01667 0.03469 0.08089 -0.17712 -0.11358 0.17812 -0.08726 -0.18819 0.04316 0.06553 -0.0047 0.10058 0.03027 0.01244
0 0.02096 -0.40519 -0.31301 -0.3561 0.01132 0.08811 -0.15102 0.09571 0.22993 0.09207 -0.12578 0.07077 0.04757 0.0369 -0.06651 -0.05422 0.10825 0.02894 0.0834 0.07829
0 -0.24498 -0.22186 0.3362 0.0245 0.03791 -0.08994 0.04414 -0.04893 0.10342 0.04 -0.00969 0.07462 0.09364 -0.02647 0.0778 0.02667 -0.06622 -0.0752 0.10407 0.04799
0 0.16436 -0.25552 -0.29266 -0.15602 -0.02607 0.03502 -0.26406 0.17696 -0.17936 0.111 -0.12887 -0.08739 0.03243 0.08525 0.00108 -0.00264 0.04724 -0.03479 -0.01585 0.01043
0 0.12895 0.04389 0.16628 0.20035 0.15479 0.40971 0.38952 0.29378 -0.0656 0.0579 0.01025 0.06445 -0.01458 0.04316 -0.09025 -0.0933 0.06996 -0.0338 0.02163 0.00584
1 0.32605 0.00987 0.09566 0.04228 -0.29985 0.30454 -0.08557 0.03352 0.05529 0.14763 0.00548 -0.06548 -0.12363 -0.00327 0.09348 -0.0787 0.13088 -0.11194 0.13004 -0.03972
0 0.41205 0.19003 0.31698 -0.14195 -0.32826 0.28266 -0.09569 -0.04256 0.10381 -0.01571 0.18907 -0.04603 -0.05691 0.00015 0.00937 0.08742 0.09098 -0.15173 0.00768 -0.00386
1 -0.28297 0.17037 0.03809 0.10101 0.12269 -0.01249 0.11639 -0.03109 0.15813 -0.09304 -0.05159 -0.09112 0.20142 0.50508 0.08341 0.23358 -0.01656 -0.08343 0.11654 -0.10878
0 -0.4169 -0.10955 -0.18531 -0.28131 -0.39036 -0.06041 0.23824 -0.16813 -0.20212 0.06501 -0.01998 -0.05984 -0.01267 0.044 -0.25898 -0.19486 0.01073 -0.11485 0.0339 -0.14324
1 -0.32314 0.42996 0.03422 0.1581 -0.00749 -0.29953 -0.13302 0.24203 0.19242 -0.0893 -0.14636 0.03545 -0.06419 -0.1387 -0.10685 0.09294 0.24697 -0.14218 -0.14544 -0.00854
0 0.25337 -0.32206 -0.2838 -0.16322 0.00609 0.0434 -0.26127 0.17972 -0.08427 0.05715 -0.17046 -0.16676 0.02715 0.13075 -0.01948 -0.02424 0.04276 -0.05578 -0.02334 0.04934
0 -0.0466 -0.20811 -0.1352 0.15351 0.25338 -0.06156 0.21508 -0.02293 0.2515 0.11164 0.35608 0.09528 0.08537 -0.06091 -0.03583 -0.04695 0.02899 -0.04579 0.05852 -0.01659
0 0.53526 0.14815 0.07081 -0.2849 0.02056 -0.25304 0.05573 -0.02876 0.00059 -0.05203 -0.01086 0.01059 -0.05922 0.0453 0.06135 -0.06168 -0.03865 0.07941 0.04821 -0.00808
1 0.13795 -0.36377 -0.32109 0.05316 0.11575 -0.19566 -0.00334 -0.1141 0.3906 0.23902 0.25733 0.03406 0.13109 -0.00303 -0.10192 -0.09694 0.04801 -0.00253 -0.08481 -0.00361
1 -0.39362 -0.03176 -0.0633 -0.10076 -0.38708 -0.19759 0.03567 0.20755 -0.21547 0.06002 0.1992 0.29113 0.07055 0.10203 -0.11861 -0.00154 -0.0671 0.00317 -0.00244 -0.1175
0 -0.3343 -0.06755 0.1238 0.02274 -0.23524 -0.13763 0.25895 0.00237 0.01677 -0.11012 0.08619 -0.18607 0.06839 -0.03322 -0.09821 -0.05527 -0.27966 -0.25384 0.07416 0.58656
0 -0.42083 -0.14468 -0.24962 -0.35128 0.02203 0.24559 0.11542 -0.10222 0.03169 -0.26355 -0.036 0.09212 -0.20716 -0.04253 0.08641 0.09185 -0.02207 0.1189 -0.12667 -0.05239
0 -0.49473 -0.03977 -0.18481 -0.24998 -0.18825 0.07934 0.27385 -0.22637 -0.09613 -0.15945 -0.00526 -0.09658 -0.25402 -0.04028 -0.04792 0.03346 -0.08708 0.0119 -0.18712 -0.02124
0 -0.28185 -0.05043 0.1457 0.06305 -0.13627 -0.09838 0.15708 0.03137 0.10383 -0.07666 0.0329 -0.08615 0.11725 0.08525 0.03128 0.09341 -0.13055 -0.03136 0.04748 0.11936
0 -0.32891 -0.39706 0.64144 3e-05 0.23584 -0.08259 -0.18523 -0.14846 -0.02957 0.0712 -0.07778 0.12262 -0.08019 0.0009 0.16687 -0.15294 -0.06532 -0.16714 -0.06798 -0.0545
0 -0.31364 0.24434 0.03327 0.25272 -0.05987 -0.02799 -0.01959 0.24518 0.35893 -0.05415 -0.0653 -0.20395 -0.22664 0.08505 0.02035 -0.17854 -0.12407 0.15781 0.13098 -0.17919
0 0.56686 0.17207 0.10565 -0.19735 -0.02137 -0.2351 0.06222 -0.05104 -0.0332 -0.09803 -0.01049 0.01812 -0.07319 0.03591 0.06198 -0.04994 -0.04422 0.07565 0.03537 -0.01406
0 0.41344 0.17479 0.32453 -0.13985 -0.30862 0.28793 -0.06875 -0.04446 0.1095 -0.02214 0.20209 -0.03874 -0.04956 0.00979 -0.00958 0.13701 0.06117 -0.13978 -0.04818 0.01505
0 0.54367 0.11566 0.09326 -0.2772 0.04756 -0.23448 0.09751 -0.01725 0.01966 -0.0629 0.01909 0.01093 -0.0477 0.04948 0.0411 -0.00601 -0.08289 0.10135 -0.02786 0.00931
1 0.37637 0.02446 0.09425 0.04397 -0.27999 0.36196 -0.07673 0.03746 0.0717 0.14965 0.02885 -0.02412 -0.12423 0.07461 0.06623 -0.04737 0.12561 -0.09281 0.01929 -0.00336
0 -0.35552 0.35854 -0.22709 0.08644 0.09001 -0.05691 0.004 -0.21709 -0.02626 0.21818 -0.02295 -0.11736 -0.21978 0.01471 0.12495 0.08876 0.0138 -0.00125 0.06664 0.11869
0 0.33583 -0.06128 -0.00137 0.04147 0.11091 -0.04429 0.3963 0.2277 -0.04867 0.17957 -0.17042 0.04069 -0.06211 0.13081 0.10588 -0.06146 0.05877 0.03104 -0.12888 0.06211
0 0.54117 0.13294 0.08134 -0.28212 0.02822 -0.24936 0.06613 -0.01819 0.00496 -0.06181 -0.00174 0.00154 -0.06087 0.03917 0.06011 -0.05708 -0.04043 0.08152 0.04416 -0.01066
1 -0.33312 0.17563 -0.12337 0.08238 0.08647 -0.05856 0.10742 -0.24729 0.04723 0.19814 0.06865 -0.04321 -0.03745 0.29673 0.18208 0.32061 0.03048 0.01296 0.03198 0.0805
0 0.55773 0.13673 0.13586 -0.17353 0.05353 -0.19099 0.12531 -0.02636 -0.02568 -0.12599 0.0468 0.01381 -0.04983 -0.01033 0.00361 0.04077 -0.10828 0.09791 -0.0695 -0.00642
0 0.10086 -0.20018 -0.04063 0.04498 0.34157 0.20504 -0.21365 0.1764 -0.2217 -0.23635 0.19137 -0.13919 0.01438 0.07318 -0.13485 -0.03754 -0.06931 -0.03197 -0.08391 0.04124
0 0.04211 -0.31611 0.07574 -0.09755 0.29056 0.18337 -0.25051 0.19339 -0.15759 -0.17214 0.11038 -0.11077 0.01032 0.00871 -0.12945 0.02116 -0.06122 -0.00847 -0.08989 0.07052
0 0.08899 0.0829 0.01046 0.14075 0.40962 0.14585 0.44256 0.27229 -0.10407 0.01617 -0.00427 0.05531 0.01548 0.11206 -0.0381 -0.10267 0.04987 -0.06887 0.05457 -0.01635
1 -0.31725 0.2984 0.07697 0.2275 -0.09821 0.00279 -0.08778 0.29196 0.3759 -0.07798 -0.07126 -0.22031 -0.17014 0.07042 -0.01354 -0.2143 -0.1624 0.18208 0.04594 -0.20893
1 0.13039 -0.28182 0.03587 0.04197 0.2886 0.15388 -0.19661 0.18507 -0.21125 -0.17129 0.15901 -0.15315 0.00958 0.01244 -0.17865 0.00685 -0.05837 -0.00607 -0.09373 0.05364
0 0.23036 -0.27142 -0.05323 0.57831 -0.18252 0.02924 0.11975 -0.18555 0.03082 -0.21515 -0.10633 0.13784 -0.01016 -0.07648 -0.04652 0.14097 -0.00816 0.03807 -0.11133 -0.01292
0 0.56412 0.1729 0.10394 -0.19842 -0.02713 -0.23693 0.06022 -0.05283 -0.0322 -0.09516 -0.01324 0.02132 -0.07125 0.04729 0.06517 -0.05182 -0.04185 0.07595 0.03453 -0.01087
0 0.05769 -0.20549 -0.04518 0.00294 -0.08526 -0.02046 -0.09975 0.09544 -0.12793 0.11258 -0.12827 -0.28599 0.20891 -0.31128 0.05776 0.33986 -0.27585 -0.11479 0.16417 -0.25643
1 0.53526 0.12683 0.04599 -0.28715 -0.04126 -0.18642 -0.04393 -0.06345 0.03164 -0.05123 0.00195 0.01177 -0.05236 0.06208 0.03094 -0.06408 -0.00691 0.04854 0.04894 0.00513
0 0.25152 -0.23278 -0.11226 0.61718 -0.23476 0.02694 0.03996 -0.21499 -0.00704 -0.20464 -0.14937 0.17199 -0.05697 -0.00672 0.0121 0.01602 0.0456 0.03839 0.03386 0.00774
0 0.34733 -0.28285 -0.3069 0.31832 -0.00995 -0.20709 -0.09476 -0.11172 -0.00207 0.01419 -0.02183 -0.0614 0.01874 0.08663 -0.02349 -0.09991 0.00578 -0.02846 -0.07703 -0.0121
0 0.35329 0.17444 0.2892 -0.12909 -0.34626 0.2321 -0.1077 -0.04477 0.0876 0.00769 0.14849 -0.06498 -0.05693 -0.04943 0.04604 0.0305 0.09967 -0.15902 0.10996 -0.03215
0 -0.26558 -0.03129 0.07106 0.0103 -0.15623 -0.04457 0.04444 0.01563 -0.15313 -0.11981 0.09795 -0.29076 0.41295 -0.17291 0.40346 -0.1394 0.3471 0.2009 -0.03688 0.04011
1 0.37851 0.02295 0.09642 0.04576 -0.27485 0.3656 -0.07554 0.03919 0.0715 0.14715 0.03122 -0.0277 -0.12656 0.06416 0.06342 -0.0448 0.12393 -0.09336 0.01991 -0.00595
0 -0.33804 -0.1123 -0.03623 -0.17484 0.06186 0.17117 0.05688 -0.01979 0.11211 -0.30579 0.02934 0.10753 0.02171 0.2024 0.1522 0.12313 -0.07361 0.0661 -0.11069 -0.06641
1 0.54723 0.09167 0.07262 -0.27822 -0.00441 -0.16644 -0.00123 -0.05151 0.05281 -0.06782 0.03581 0.00901 -0.04241 0.05452 0.0074 -0.0003 -0.05481 0.06995 -0.02819 0.02203
0 0.46916 0.12375 0.07244 -0.25944 -0.03124 -0.26021 0.0326 -0.0283 -0.01359 -0.034 -0.03743 -0.02961 -0.06699 -0.02863 0.09139 -0.10293 -0.01441 0.0473 0.16594 -0.04545
0 0.32832 -0.33927 -0.20666 0.31713 0.047 -0.17297 0.00951 -0.08144 0.06806 -0.00992 0.03047 -0.08603 0.08088 -0.03432 -0.09009 0.05351 -0.09563 -0.00104 -0.23453 -0.03678
0 -0.32775 -0.34582 0.5975 0.02332 0.14864 -0.12199 -0.12261 -0.15341 0.0013 0.14411 -0.14457 0.1346 -0.06833 -0.01366 0.15921 -0.09105 -0.10502 -0.18186 -0.05852 -0.02028
1 -0.15658 -0.39035 -0.19639 -0.4328 -0.04603 0.17801 -0.04253 0.11464 0.24139 -0.03823 -0.30035 0.1726 0.0416 -0.02823 -0.06104 0.02685 0.10097 0.08832 0.14939 0.14952
0 -0.23555 -0.37355 0.6308 0.06819 0.22432 -0.08204 -0.16552 -0.09307 -0.17034 0.10251 0.01997 -0.14231 -0.11222 0.0181 -0.25086 0.08189 0.12526 0.2382 0.01177 0.01491
0 -0.17868 0.04584 -0.01132 0.23563 -0.30974 -0.1006 -0.15486 0.24308 -0.13365 0.08475 0.11291 0.26015 0.00687 0.02569 0.07189 -0.00114 -0.05666 0.10961 0.1025 0.03809
0 0.3574 -0.32134 -0.26785 0.32684 0.02957 -0.18942 -0.04143 -0.10314 0.03822 0.00087 0.01271 -0.07079 0.05126 0.01514 -0.06676 -0.0103 -0.05931 -0.01093 -0.18238 -0.02433
1 -0.15702 -0.38765 -0.19812 -0.43255 -0.05199 0.17547 -0.0404 0.11347 0.23863 -0.03627 -0.30031 0.17285 0.04304 -0.02004 -0.06475 0.02441 0.10331 0.08878 0.14888 0.1481
0 0.30016 -0.27006 -0.2719 0.2967 -0.0502 -0.21359 -0.10045 -0.10057 -0.02068 0.01994 -0.05194 -0.09709 0.01292 0.01783 0.00742 -0.12344 0.01181 -0.05093 0.03954 -0.04361
0 0.34956 -0.28521 -0.30714 0.32131 -0.00438 -0.20555 -0.09384 -0.11112 -0.00196 0.01181 -0.01868 -0.06436 0.0178 0.07646 -0.02611 -0.09825 0.00282 -0.02909 -0.07695 -0.01494
0 -0.45896 0.02852 -0.24906 -0.14933 -0.14302 -0.04284 0.22268 -0.29609 -0.08795 0.09008 0.10169 -0.14318 -0.26209 -0.00418 -0.01685 0.05841 -0.01198 -0.07402 -0.02196 -0.00441
0 0.23123 -0.09036 0.00214 0.00393 0.18219 -0.0291 0.41013 0.24591 -0.06469 0.27321 -0.14771 -0.03501 -0.00352 -0.24519 0.10633 0.12609 -0.07829 0.0088 -0.09641 -0.06221
1 -0.10194 0.32985 0.05622 0.01852 0.2706 0.02599 0.08238 -0.03304 0.0784 -0.22325 -0.07758 0.02939 0.29914 0.37866 -0.10251 0.09974 0.00903 -0.13136 0.05887 -0.0916
0 0.18777 -0.06924 0.08162 0.11748 0.32441 0.09678 0.49606 0.33827 -0.12677 0.08451 0.00482 0.0616 -0.00964 -0.04923 -0.06573 -0.0669 0.03428 -0.00865 -0.05688 0.02989
0 -0.32925 -0.10153 0.07948 -0.07404 -0.18993 -0.02994 0.15176 -0.04504 -0.09159 -0.16668 0.09107 -0.24669 0.38554 -0.17258 0.3709 -0.17666 0.34666 0.17371 -0.0777 -0.0267
0 0.02203 -0.40848 -0.31136 -0.35562 0.01892 0.09085 -0.1529 0.09685 0.23262 0.08987 -0.124 0.06887 0.04593 0.02627 -0.06451 -0.05184 0.10515 0.02799 0.08357 0.07819
1 0.10962 0.09425 -0.05363 0.01349 0.46313 0.13357 0.12365 0.11995 -0.03912 -0.11845 0.17302 0.01034 0.00915 0.12023 -0.05937 -0.10855 -0.00184 -0.05693 0.0552 -0.04539
1 -0.14763 -0.4055 -0.15222 -0.40485 0.03263 0.19881 -0.05051 0.12959 0.28062 -0.05756 -0.27069 0.19598 0.04836 -0.06846 -0.031 0.09197 0.05311 0.10176 0.10776 0.18525
0 -0.41059 -0.12379 -0.06751 -0.2152 -0.38475 -0.06323 0.33454 -0.16384 -0.18081 -0.01934 -0.0424 -0.13341 0.02686 -0.00677 -0.29175 -0.22818 -0.04267 -0.17493 0.02986 -0.02393
0 -0.43794 -0.08707 -0.33165 -0.34706 -0.0529 0.16067 0.07917 -0.17979 -0.06514 -0.11816 0.05931 0.0114 -0.21179 -0.08948 0.03124 0.04148 -0.02339 0.06038 -0.08918 -0.11355
1 -0.25029 0.42501 0.02442 0.12542 -0.01669 -0.30309 -0.14711 0.24332 0.09611 -0.06401 -0.0994 0.12109 -0.05072 -0.20389 -0.10192 0.07273 0.24347 -0.12589 -0.12212 -0.00519
0 0.12574 0.36759 -0.02759 -0.17324 -0.06857 -0.1727 -0.07025 -0.15006 -0.13338 0.15399 -0.1646 0.1695 0.07044 0.03015 -0.01096 -0.0484 0.06775 0.00711 0.03098 0.07785
0 -0.27534 -0.15871 -0.37753 -0.29961 0.18868 0.22882 -0.06867 -0.04472 0.00821 -0.1049 0.12899 0.08159 -0.16609 -0.10349 0.08515 0.03179 0.00291 0.06006 -0.01662 -0.05606
1 0.18356 0.26163 0.10185 -0.08126 0.36829 0.05519 0.11858 0.04882 -0.05215 -0.2608 0.06451 0.06402 0.13309 0.06419 -0.17196 -0.05763 -0.00437 -0.06933 0.06472 -0.03545
0 0.2625 0.33843 0.04121 -0.06317 0.22401 -0.08437 0.01428 -0.03239 -0.17336 -0.08406 0.01329 0.09936 0.06031 -0.26378 -0.08447 -0.04707 -0.00497 -0.01407 0.10202 -0.01558
0 0.35582 -0.28449 -0.27155 0.03405 -0.02185 -0.01062 -0.26339 0.11484 -0.14599 0.01589 -0.12332 -0.18472 0.00741 0.14082 -0.00897 -0.03965 0.02107 -0.06499 -0.06034 0.02228
0 0.02608 0.01268 -0.33903 0.32725 0.24683 -0.04558 -0.10022 -0.11903 -0.16291 -0.00935 0.17592 -0.02343 -0.05355 -0.0823 0.03872 -0.02039 -0.0363 -0.04638 0.15891 0.01286
1 -0.33884 0.29138 -0.04319 0.15892 0.05485 -0.18782 -0.02467 0.25477 0.28806 -0.11606 -0.05007 -0.17607 -0.2621 0.09203 0.02052 -0.01457 0.08868 -0.05938 0.06622 -0.14818
0 0.52414 0.05281 0.17214 -0.15502 0.02844 -0.18987 0.17277 -0.00672 0.0072 -0.1142 0.06046 -0.03349 -0.04423 -0.05252 0.0104 0.12654 -0.15661 0.11478 -0.11538 -0.02378
0 -0.28013 -0.37187 0.65496 0.05569 0.1948 -0.11823 -0.15755 -0.12683 -0.12984 0.16081 -0.03934 -0.08637 -0.11976 0.00919 -0.18543 0.07427 0.08363 0.18415 -0.00462 0.01802
0 0.0849 0.44095 0.19065 -0.00028 -0.05405 0.37013 -0.16846 -0.06914 0.03238 0.0115 0.07428 0.03073 0.19051 -0.16649 -0.14089 -0.08968 -0.08356 0.01299 -0.0809 -0.01452
0 -0.40409 0.34436 -0.08178 0.15435 -0.01845 -0.25232 -0.07002 0.25367 0.15325 0.00517 -0.01916 -0.03685 -0.26809 -0.02322 0.04358 0.10722 0.16603 -0.07195 -0.05731 -0.01155
0 -0.24751 -0.34607 0.02922 -0.31278 0.20189 0.25327 -0.1272 0.08411 0.15783 -0.26767 -0.04012 0.2352 -0.01143 -0.03922 0.12335 0.0091 -0.06342 0.01442 -0.03547 0.08539
0 -0.18698 0.56305 -0.07329 -0.00141 0.20176 -0.05783 -0.07307 -0.19582 -0.02421 0.0251 -0.21652 0.04695 0.15011 -0.00629 -0.08531 0.10195 0.06583 -0.07047 -0.09761 0.08436
0 0.57245 0.15696 0.11541 -0.1951 -0.01438 -0.23148 0.07368 -0.04105 -0.02976 -0.10799 -0.00129 0.00861 -0.07581 0.03034 0.05957 -0.04455 -0.04538 0.07763 0.03131 -0.01773
0 -0.32833 -0.17801 -0.30319 -0.38629 -0.23938 0.0584 0.05766 -0.10471 -0.08008 0.07266 -0.05761 0.12576 -0.05809 0.07713 -0.16989 -0.06512 0.03908 0.02594 0.03023 -0.14938
0 -0.35955 -0.05105 0.01102 -0.08397 -0.13162 0.02037 0.19456 -0.12288 -0.00512 -0.10836 0.02138 -0.01872 0.10341 0.2044 0.09486 0.18611 -0.03943 0.11375 -0.1801 -0.05407
0 0.25565 -0.25901 -0.08918 0.61306 -0.20869 0.03269 0.08308 -0.20968 0.01297 -0.2169 -0.1277 0.16434 -0.03509 -0.04771 -0.02374 0.09045 0.01252 0.0413 -0.05958 -0.0016
0 0.01544 -0.01087 -0.12645 0.55361 -0.01828 0.11697 0.01181 -0.15387 -0.09034 -0.1272 0.00738 0.14268 -0.03293 -0.11368 0.03215 -0.03147 -0.08512 0.10252 0.25726 0.03797
0 0.57015 0.11425 0.13881 -0.18317 0.01063 -0.21226 0.12351 -0.03344 -0.01245 -0.10932 0.0332 -0.00238 -0.0611 -0.01357 0.03128 0.05442 -0.11941 0.10402 -0.06615 -0.0141
1 0.53784 0.12557 0.04792 -0.28626 -0.03489 -0.18425 -0.04289 -0.06182 0.03136 -0.05439 0.00494 0.00826 -0.05445 0.05017 0.02826 -0.06204 -0.00939 0.048 0.04987 0.00226
1 0.5441 0.10943 0.05955 -0.28315 -0.02604 -0.18078 -0.03308 -0.0513 0.03643 -0.0655 0.01438 -0.00152 -0.05611 0.04394 0.02749 -0.05625 -0.0101 0.04936 0.04625 0.00033
0 0.24968 -0.23113 -0.11211 0.6135 -0.23756 0.0252 0.03842 -0.21486 -0.00666 -0.20192 -0.15084 0.1731 -0.05602 0.00062 0.01452 0.01424 0.04737 0.03836 0.03307 0.00991
0 -0.14318 0.18232 0.09979 0.1864 0.12392 0.25925 0.22344 0.12107 0.08889 -0.00673 -0.06904 -0.01001 0.15823 0.36393 -0.00852 -0.05143 -0.0641 0.01584 0.09869 -0.0833
0 -0.14759 -0.33213 -0.02905 -0.25183 0.30302 0.23978 -0.19723 0.09412 0.1099 -0.22844 0.12724 0.1428 -0.00879 -0.0092 0.05078 -0.03921 -0.06037 -0.01213 -0.05891 0.05383
0 0.35532 -0.29644 -0.29803 0.32383 0.00329 -0.20266 -0.08616 -0.10422 0.00451 0.00284 -0.01446 -0.07062 0.02212 0.06899 -0.03204 -0.09556 0.0025 -0.02869 -0.08727 -0.01712
0 0.15149 -0.02965 0.19951 0.18238 0.10802 0.35705 0.39896 0.29922 -0.07524 0.077 0.01932 0.05805 -0.03538 -0.02486 -0.09538 -0.02919 0.09774 -0.03357 -0.00638 0.03122
0 0.02698 -0.10045 -0.0871 0.05487 0.35769 0.2241 -0.20083 0.14453 -0.19749 -0.27602 0.19335 -0.13362 0.02461 0.13699 -0.07439 -0.0587 -0.07408 -0.04908 -0.05014 0.01358
1 -0.12084 0.34924 -0.27546 0.02995 0.37748 0.07083 0.02341 -0.08534 -0.0657 0.09506 0.03446 -0.02287 -0.12563 0.05427 0.0999 0.02807 0.05375 -0.03296 0.07664 -0.02184
1 0.13997 -0.37555 -0.30611 0.06029 0.12267 -0.19597 0.00598 -0.10875 0.40223 0.24016 0.26363 0.02488 0.1481 -0.04897 -0.10793 -0.06418 0.01966 -0.00111 -0.10412 -0.01483
0 -0.2522 0.21609 0.09328 0.08087 0.11072 -0.03656 0.09671 -0.04101 0.16612 -0.15328 -0.12651 -0.0473 0.32348 0.44724 -0.02858 0.21254 -0.00448 -0.1288 0.07643 -0.11072
1 0.12337 0.44719 -0.07407 -0.1172 0.2857 -0.00496 -0.1082 -0.12369 -0.10758 -0.08473 -0.00475 0.09722 0.08706 -0.17165 -0.10273 -0.04342 0.02669 -0.04469 0.03686 -0.00645
0 -0.13176 0.17486 -0.23161 -0.01775 -0.13258 -0.13674 -0.01316 -0.19022 -0.13285 0.37146 -0.06268 0.05942 -0.08653 0.12932 0.05426 -0.06968 0.0661 0.00751 0.12313 0.05014
0 -0.22161 0.10145 -0.34703 -0.05732 0.23757 0.18042 -0.16863 0.00914 -0.22767 -0.11173 0.08075 -0.11705 -0.11105 0.05081 0.11599 0.05602 -0.04417 0.00235 -0.05519 0.00114
0 -0.14542 0.15708 -0.32558 0.10637 0.24841 0.1357 -0.21031 0.00358 -0.25636 -0.08842 0.1001 -0.12553 -0.06993 0.04754 0.10363 0.02775 -0.06061 -0.00638 0.00932 0.02974
0 0.40979 0.15192 0.33377 -0.13422 -0.29702 0.2822 -0.05298 -0.04033 0.10822 -0.02845 0.21173 -0.05609 -0.05215 -0.0304 -0.01852 0.18425 0.04378 -0.13583 -0.05918 0.00663
1 -0.09853 0.39365 -0.02858 0.16871 0.04763 0.43028 -0.11903 -0.02915 0.04415 0.13529 0.0066 -0.04702 0.01069 0.01596 0.02623 -0.18147 -0.17014 0.17825 -0.00774 -0.04138
0 -0.23092 0.00491 -0.00572 0.01758 -0.18371 -0.0803 0.03261 -0.03878 -0.12785 0.12246 0.00699 0.02932 0.21911 0.28578 0.09813 0.12953 -0.00925 0.07252 -0.04877 0.05865
0 -0.36155 0.43591 0.00157 0.12867 -0.03123 -0.29148 -0.15135 0.23667 0.19991 -0.09023 -0.12444 0.02513 -0.0998 -0.12913 -0.11103 0.08303 0.2294 -0.13153 -0.17173 -0.02414
1 -0.22764 -0.0041 -0.35151 0.07004 0.25175 -0.04481 0.02777 -0.2302 0.13697 0.1273 0.36458 -0.0152 -0.15886 0.00779 0.10651 0.07706 0.05906 -0.05592 0.13976 -0.04757
0 -0.42473 -0.09778 -0.07706 -0.19765 -0.2084 0.03216 0.26789 -0.17034 -0.09326 -0.15778 0.00124 -0.15121 -0.02864 -0.13626 0.04813 -0.0799 0.05293 0.0214 -0.11692 -0.026
0 -0.35479 -0.10692 0.02277 -0.10684 -0.31457 -0.09526 0.28302 -0.12097 -0.13144 -0.03544 0.03135 -0.20011 0.18117 -0.06084 -0.08306 -0.23159 0.08636 -0.10499 0.04396 -0.01554
1 -0.36067 0.03968 -0.23048 -0.03341 0.08591 -0.01906 0.1878 -0.25019 0.08426 0.14425 0.17165 -0.061 -0.25106 0.07776 0.12448 0.18988 0.05652 -0.03998 0.07555 -0.02226
0 -0.33737 -0.07188 -0.01443 -0.11771 -0.32385 -0.12595 -0.03365 0.2489 -0.18145 0.01137 0.19162 0.34824 0.13132 0.07969 -0.05611 0.03776 -0.0556 0.06102 -0.01045 -0.19012
0 -0.10312 -0.01576 -0.35255 -0.0881 0.24977 0.19772 -0.2173 0.08508 -0.27863 -0.08976 0.08248 -0.09535 -0.07667 -0.05174 0.0719 0.02478 -0.04726 -0.00848 -0.02447 -0.00273
1 0.01133 0.21652 -0.05587 0.06908 -0.28139 0.24351 -0.12558 -0.09017 -0.03987 0.3596 -0.05133 0.10169 -0.03547 0.09265 0.06979 -0.16143 -0.0142 0.10084 0.05561 0.03137
1 0.25528 -0.07499 0.02191 0.07526 0.15846 -0.01704 0.43383 0.23954 -0.09743 0.2495 -0.1597 -0.02346 -0.0159 -0.24471 0.10493 0.12349 -0.07648 0.00751 -0.1119 -0.06542
0 -0.04167 0.54563 -0.07882 -0.06762 0.19447 -0.06522 -0.08335 -0.16928 -0.11463 0.0285 -0.17822 0.08232 0.10661 -0.17889 -0.08259 0.00764 0.06405 -0.06378 -0.01828 0.07197
1 0.03088 0.3094 -0.00341 0.14726 0.01746 0.47574 -0.11366 0.01133 -0.02274 0.14485 0.06102 -0.00017 -0.01451 -0.08629 0.00934 -0.17567 -0.10805 0.11673 0.02578 -0.03528
0 0.35365 -0.28152 -0.27298 0.03195 -0.02934 -0.01356 -0.26299 0.11361 -0.14552 0.01898 -0.12568 -0.17973 0.00958 0.15268 -0.00646 -0.04227 0.02436 -0.06437 -0.06051 0.02476
0 -0.32185 0.0636 0.08631 0.17332 -0.21281 -0.15616 0.02162 0.17263 0.06683 -0.01067 0.05922 -0.06389 -0.02214 -0.07319 0.07919 -0.0322 -0.1968 0.0742 0.13768 0.33462
0 0.26085 -0.21514 -0.27848 0.03209 -0.04505 -0.0154 -0.27602 0.12419 -0.2326 0.08202 -0.0852 -0.10008 0.02072 0.08997 0.01703 -0.01627 0.02801 -0.04174 -0.03548 0.0028
0 0.30441 -0.2709 -0.24161 0.0324 -0.07756 -0.04295 -0.25411 0.10559 -0.15454 0.03281 -0.14949 -0.2204 0.01083 0.05911 0.02826 -0.07219 0.03196 -0.09074 0.06681 -0.02218
1 -0.36717 -0.22636 -0.25173 -0.39856 0.04635 0.27141 0.0603 -0.03311 0.0549 -0.23685 -0.07499 0.15655 -0.15884 -0.1215 0.06632 0.07405 -0.00721 0.12237 -0.05488 -0.01917
0 -0.27674 -0.37946 0.64581 0.03761 0.2499 -0.07071 -0.19222 -0.10545 -0.14588 0.06811 -0.00074 -0.06682 -0.09985 0.02916 -0.10719 -0.02276 0.07285 0.10224 -0.01331 -0.01603
0 -0.24863 0.31371 0.11031 0.08769 -0.05199 0.1176 -0.04703 -0.13938 0.11231 0.11671 -0.11129 0.01711 0.34646 0.14065 -0.04542 0.07388 -0.17815 0.15715 -0.23349 0.09244
0 -0.36749 0.3405 0.0425 0.22097 -0.15562 -0.05032 -0.13533 0.28805 0.24683 0.04015 -0.03756 -0.07361 -0.13997 -0.03191 0.01277 -0.11622 -0.11131 0.19326 -0.07338 -0.06198
1 0.13274 -0.35555 -0.3332 0.04905 0.09739 -0.20236 -0.02081 -0.11438 0.36624 0.23748 0.2386 0.02103 0.1125 -0.00142 -0.08676 -0.13027 0.07405 -0.01569 -0.03135 -0.01685
0 0.39897 0.17051 0.33437 -0.12554 -0.26626 0.30399 -0.05518 -0.0349 0.10098 -0.03917 0.21897 -0.04485 -0.03832 -0.02834 -0.04373 0.16545 0.04059 -0.12481 -0.07009 0.01115
0 -0.00523 -0.22217 -0.03262 -0.09857 -0.08983 0.00848 -0.11186 0.11415 -0.09968 0.10835 -0.15177 -0.27761 0.22868 -0.31316 0.04926 0.35155 -0.26985 -0.11288 0.19986 -0.25932
0 0.01412 -0.26445 -0.15001 0.13931 0.11252 -0.15457 0.20011 -0.05756 0.28682 0.25043 0.2151 0.03498 0.14492 -0.20802 -0.01708 0.05216 -0.03569 -0.01771 -0.01951 -0.07717
0 -0.33846 -0.3746 0.61957 0.00103 0.18079 -0.1031 -0.15144 -0.15591 0.00566 0.11177 -0.14679 0.1659 -0.07134 -0.01557 0.21638 -0.13527 -0.11628 -0.22691 -0.07327 -0.03758
1 0.09279 0.32547 -0.10702 -0.17887 -0.08903 -0.17531 -0.11862 -0.20155 -0.10827 0.19666 -0.1051 0.16619 0.04175 0.04757 -0.0229 -0.07374 0.07102 0.01605 0.05414 0.05106
0 0.01847 0.54778 -0.03655 0.01448 0.31035 -0.05122 -0.05321 -0.12633 -0.07407 -0.09123 -0.10593 0.07429 0.15133 -0.06747 -0.10339 0.00602 0.04812 -0.07855 0.0302 0.009
0 -0.15578 -0.1777 0.4619 0.06364 0.00752 -0.02358 0.06928 -0.03767 -0.02241 0.04214 0.13303 -0.11974 -0.00649 -0.01883 -0.26598 0.2627 0.19059 0.26403 0.19559 0.06811
1 -0.13788 -0.09961 -0.37688 0.06764 0.26679 -0.05695 0.00756 -0.1949 0.15475 0.15261 0.40351 0.03023 -0.09577 -0.08842 0.05214 0.00989 0.04783 -0.05139 0.13426 -0.05558
0 0.32552 0.23956 0.27503 -0.12007 -0.32491 0.27058 -0.13597 -0.04695 0.05074 0.06604 0.15403 0.03004 0.00685 -0.04283 0.00144 0.05064 0.08074 -0.10848 -0.01218 0.00412
0 0.08859 0.36151 0.12777 -0.04379 -0.29653 0.188 -0.1807 -0.13728 0.00752 0.21956 -0.00485 0.12889 0.12474 -0.00218 -0.01506 -0.09168 -0.0185 0.02925 -0.03682 0.05657
0 0.07046 -0.08784 -0.1049 0.55948 -0.05674 0.09882 0.03164 -0.13941 -0.10533 -0.14317 0.00064 0.16038 -0.02876 -0.17462 0.00839 -0.01568 -0.06271 0.08098 0.24375 0.0219
0 0.40579 0.20413 0.30569 -0.144 -0.33954 0.27943 -0.10584 -0.05039 0.10316 -0.00248 0.17857 -0.03348 -0.04873 0.01243 0.01481 0.07383 0.08513 -0.14883 0.00511 -0.00021
1 -0.34813 0.0401 -0.05337 -0.01016 -0.38543 -0.25263 -0.10164 0.33841 -0.28525 0.09436 0.21621 0.31489 0.09918 0.1055 -0.01905 0.05207 -0.06405 0.02994 -0.01145 -0.03678
0 -0.23774 -0.35515 0.6021 0.06595 0.23872 -0.05813 -0.16356 -0.07864 -0.16861 0.04784 0.0434 -0.12478 -0.0887 0.03416 -0.20214 0.02433 0.11564 0.18645 0.02159 -0.00149
0 0.25667 -0.24805 -0.09787 0.61443 -0.21553 0.0346 0.07055 -0.21192 0.00773 -0.21464 -0.13468 0.17449 -0.04303 -0.01153 -0.013 0.05587 0.03074 0.04184 -0.0344 0.01057
0 -0.30193 -0.20456 0.29727 -0.02045 0.05116 -0.00467 0.00493 -0.03903 0.0719 -0.16437 0.00277 0.10756 0.10971 0.02593 0.32709 -0.13787 -0.0668 -0.19299 -0.01002 -0.09598
0 -0.127 -0.40655 -0.08576 -0.34732 0.03978 0.16106 -0.04263 0.13691 0.30224 -0.02308 -0.27114 0.15858 0.09479 -0.10578 -0.01813 0.13689 0.01938 0.08259 0.11721 0.19112
