formula   X_a0      X_b1      Z_a2      Z_b3      IE_a4     IE_b5     EA_a6     EA_b7     r_A8      r_B9      vale_A10  vale_B11  cr.r_A12  cr.r_B13  mb.x_A14  mb.x_B15  s_A16     p_A17     d_A18     f_A19     s_B20     p_B21     d_B22     f_B23     random24  random25  topoY     
TbP       1.1       2.19      65        15        5.8638    10.48669  0.13132   0.74661   1.75      1.0       3         5         3.89      3.89      1.2       1.2       2         0         0         9         2         3         0         0         0.337763  0.736987  1         
TmBi      1.25      2.02      69        83        6.18431   7.28552   1.02922   0.94236   1.75      1.6       3         5         3.60      3.60      1.2       1.2       2         0         0         13        2         3         10        14        0.159707  0.474702  1         
NaI       0.93      2.66      11        53        5.13908   10.45126  0.54793   3.05905   1.8       1.4       1         7         2.65      2.65      0.89      0.89      1         0         0         0         2         5         10        0         0.442747  0.476225  0         
NaCl      0.93      3.16      11        17        5.13908   12.96763  0.54793   3.61273   1.8       1.0       1         7         2.65      2.65      0.89      0.89      1         0         0         0         2         5         0         0         0.614454  0.734912  0         
HRh       2.2       2.28      1         45        13.59843  7.4589    0.7546    1.14289   0.25      1.35      1         9         1.25      1.25      2.10      2.10      1         0         0         0         1         0         8         0         0.509128  0.737172  0         
PrP       1.13      2.19      59        15        5.4702    10.48669  0.10923   0.74661   1.85      1.0       3         5         4.48      4.48      1.1       1.1       2         0         0         3         2         3         0         0         0.961208  0.139019  1         
ScSb      1.36      2.05      21        51        6.56149   8.60839   0.1882    1.0474    1.6       1.45      3         5         2.75      2.75      1.50      1.50      2         0         1         0         2         3         10        0         0.28286   0.708099  1         
SnC       1.96      2.55      50        6         7.34392   11.26029  1.11207   1.26211   1.45      0.7       4         4         1.88      1.88      1.88      1.88      2         2         10        0         2         2         0         0         0.274912  0.906352  0         
CsCl      0.79      3.16      55        17        3.89391   12.96763  0.47163   3.61273   2.6       1.0       1         7         4.31      4.31      0.77      0.77      1         0         0         0         2         5         0         0         0.741263  0.9039    0         
CuBr      1.9       2.96      29        35        7.72638   11.81381  1.23578   3.36359   1.35      1.15      11        7         2.04      2.04      1.08      1.08      1         0         10        0         2         5         10        0         0.299207  0.695812  0         
VH        1.63      2.2       23        1         6.74619   13.59843  0.52766   0.7546    1.35      0.25      5         1         2.43      2.43      2.22      2.22      2         0         3         0         1         0         0         0         0.679078  0.067002  1         
TlF       1.62      3.98      81        9         6.10829   17.42282  0.32005   3.40119   1.9       0.5       3         7         2.235     2.235     1.69      1.69      2         1         10        14        2         5         0         0         0.40692   0.945958  0         
TcB       1.9       2.04      43        5         7.11938   8.29802   0.552     0.27972   1.35      0.85      7         3         2.65      2.65      2.18      2.18      2         0         5         0         2         1         0         0         0.158739  0.565431  0         
AuN       2.54      3.04      79        7         9.22555   14.53413  2.30861   -0.07     1.35      0.65      11        5         2.66      2.66      1.19      1.19      1         0         10        14        2         3         0         0         0.227382  0.061632  0         
CsH       0.79      2.2       55        1         3.89391   13.59843  0.47163   0.7546    2.6       0.25      1         1         4.31      4.31      0.77      0.77      1         0         0         0         1         0         0         0         0.124155  0.107399  0         
AlN       1.61      3.04      13        7         5.98577   14.53413  0.43284   -0.07     1.25      0.65      3         5         1.675     1.675     1.64      1.64      2         1         0         0         2         3         0         0         0.648064  0.060157  0         
YP        1.22      2.19      39        15        6.21726   10.48669  0.30712   0.74661   1.8       1.0       3         5         2.94      2.94      1.41      1.41      2         0         1         0         2         3         0         0         0.706733  0.82854   0         
InP       1.78      2.19      49        15        5.78636   10.48669  0.38393   0.74661   1.55      1.0       3         5         2.05      2.05      1.63      1.63      2         1         10        0         2         3         0         0         0.798692  0.066896  0         
KH        0.82      2.2       19        1         4.34066   13.59843  0.50146   0.7546    2.2       0.25      1         1         3.69      3.69      0.80      0.80      1         0         0         0         1         0         0         0         0.212635  0.769203  0         
HoP       1.23      2.19      67        15        6.0215    10.48669  0.338     0.74661   1.75      1.0       3         5         3.65      3.65      1.2       1.2       2         0         0         11        2         3         0         0         0.234283  0.704032  1         
PrAs      1.13      2.18      59        33        5.4702    9.78855   0.10923   0.80482   1.85      1.15      3         5         4.48      4.48      1.1       1.1       2         0         0         3         2         3         10        0         0.317821  0.233675  1         
DyP       1.22      2.19      66        15        5.93905   10.48669  0.352     0.74661   1.75      1.0       3         5         3.67      3.67      1.15      1.15      2         0         0         10        2         3         0         0         0.648253  0.394515  1         
KBr       0.82      2.96      19        35        4.34066   11.81381  0.50146   3.36359   2.2       1.15      1         7         3.69      3.69      0.80      0.80      1         0         0         0         2         5         10        0         0.290426  0.661095  0         
KCl       0.82      3.16      19        17        4.34066   12.96763  0.50146   3.61273   2.2       1.0       1         7         3.69      3.69      0.80      0.80      1         0         0         0         2         5         0         0         0.178963  0.972777  0         
NaH       0.93      2.2       11        1         5.13908   13.59843  0.54793   0.7546    1.8       0.25      1         1         2.65      2.65      0.89      0.89      1         0         0         0         1         0         0         0         0.502271  0.178028  0         
ScN       1.36      3.04      21        7         6.56149   14.53413  0.1882    -0.07     1.6       0.65      3         5         2.75      2.75      1.50      1.50      2         0         1         0         2         3         0         0         0.347176  0.640991  0         
NaB       0.93      2.04      11        5         5.13908   8.29802   0.54793   0.27972   1.8       0.85      1         3         2.65      2.65      0.89      0.89      1         0         0         0         2         1         0         0         0.395187  0.411473  1         
DyAs      1.22      2.18      66        33        5.93905   9.78855   0.352     0.80482   1.75      1.15      3         5         3.67      3.67      1.15      1.15      2         0         0         10        2         3         10        0         0.790294  0.89879   1         
NdSb      1.14      2.05      60        51        5.525     8.60839   0.09749   1.0474    1.85      1.45      3         5         3.99      3.99      1.2       1.2       2         0         0         4         2         3         10        0         0.182163  0.497252  1         
HoN       1.23      3.04      67        7         6.0215    14.53413  0.338     -0.07     1.75      0.65      3         5         3.65      3.65      1.2       1.2       2         0         0         11        2         3         0         0         0.58218   0.057773  0         
HoAs      1.23      2.18      67        33        6.0215    9.78855   0.338     0.80482   1.75      1.15      3         5         3.65      3.65      1.2       1.2       2         0         0         11        2         3         10        0         0.154938  0.555264  1         
PmN       1.13      3.04      61        7         5.58187   14.53413  0.129     -0.07     1.85      0.65      3         5         3.99      3.99      1.15      1.15      2         0         0         5         2         3         0         0         0.907639  0.119508  1         
KB        0.82      2.04      19        5         4.34066   8.29802   0.50146   0.27972   2.2       0.85      1         3         3.69      3.69      0.80      0.80      1         0         0         0         2         1         0         0         0.434948  0.714192  1         
WC        2.36      2.55      74        6         7.86403   11.26029  0.81627   1.26211   1.35      0.7       6         4         2.735     2.735     1.79      1.79      2         0         4         14        2         2         0         0         0.977661  0.995818  1         
ScP       1.36      2.19      21        15        6.56149   10.48669  0.1882    0.74661   1.6       1.0       3         5         2.75      2.75      1.50      1.50      2         0         1         0         2         3         0         0         0.946283  0.031946  0         
CaO       1.0       3.44      20        8         6.11316   13.61806  0.02455   1.46111   1.8       0.6       2         6         3.00      3.00      1.17      1.17      2         0         0         0         2         4         0         0         0.065929  0.293741  0         
YAs       1.22      2.18      39        33        6.21726   9.78855   0.30712   0.80482   1.8       1.15      3         5         2.94      2.94      1.41      1.41      2         0         1         0         2         3         10        0         0.594039  0.374836  1         
TcN       1.9       3.04      43        7         7.11938   14.53413  0.552     -0.07     1.35      0.65      7         5         2.65      2.65      2.18      2.18      2         0         5         0         2         3         0         0         0.532178  0.579774  1         
YSb       1.22      2.05      39        51        6.21726   8.60839   0.30712   1.0474    1.8       1.45      3         5         2.94      2.94      1.41      1.41      2         0         1         0         2         3         10        0         0.792197  0.573431  0         
TiC       1.54      2.55      22        6         6.82812   11.26029  0.07555   1.26211   1.4       0.7       4         4         2.58      2.58      1.86      1.86      2         0         2         0         2         2         0         0         0.903478  0.522509  0         
NaF       0.93      3.98      11        9         5.13908   17.42282  0.54793   3.40119   1.8       0.5       1         7         2.65      2.65      0.89      0.89      1         0         0         0         2         5         0         0         0.341223  0.913572  0         
BaS       0.89      2.58      56        16        5.21166   10.36001  0.14463   2.0771    2.15      1.0       2         6         3.402     3.402     1.08      1.08      2         0         0         0         2         4         0         0         0.038427  0.735239  0         
RbB       0.82      2.04      37        5         4.17713   8.29802   0.48592   0.27972   2.35      0.85      1         3         4.10      4.10      0.80      0.80      1         0         0         0         2         1         0         0         0.25234   0.706629  0         
PbSe      2.33      2.55      82        34        7.41668   9.75239   0.35672   2.0206    1.8       1.15      4         6         2.09      2.09      1.92      1.92      2         2         10        14        2         4         10        0         0.181434  0.567931  1         
YN        1.22      3.04      39        7         6.21726   14.53413  0.30712   -0.07     1.8       0.65      3         5         2.94      2.94      1.41      1.41      2         0         1         0         2         3         0         0         0.451325  0.589775  0         
TaN       1.5       3.04      73        7         7.54957   14.53413  0.32312   -0.07     1.45      0.65      5         5         2.79      2.79      1.94      1.94      2         0         3         14        2         3         0         0         0.33462   0.532417  0         
SrO       0.95      3.44      38        8         5.69487   13.61806  0.05207   1.46111   2.0       0.6       2         6         3.21      3.21      1.13      1.13      2         0         0         0         2         4         0         0         0.807831  0.855912  0         
ErN       1.24      3.04      68        7         6.1077    14.53413  0.312     -0.07     1.75      0.65      3         5         3.63      3.63      1.2       1.2       2         0         0         12        2         3         0         0         0.035253  0.728759  0         
LaSb      1.1       2.05      57        51        5.5769    8.60839   0.55755   1.0474    1.95      1.45      3         5         3.08      3.08      1.35      1.35      2         0         1         0         2         3         10        0         0.425482  0.621814  1         
YbS       1.1       2.58      70        16        6.25416   10.36001  -0.02     2.0771    1.75      1.0       3         6         3.59      3.59      1.1       1.1       2         0         0         14        2         4         0         0         0.351439  0.208507  0         
SnS       1.96      2.58      50        16        7.34392   10.36001  1.11207   2.0771    1.45      1.0       4         6         1.88      1.88      1.88      1.88      2         2         10        0         2         4         0         0         0.698743  0.910275  1         
OsC       2.2       2.55      76        6         8.43823   11.26029  1.0778    1.26211   1.3       0.7       8         4         2.65      2.65      1.85      1.85      2         0         6         14        2         2         0         0         0.266132  0.71143   1         
HgS       2.0       2.58      80        16        10.4375   10.36001  -0.52     2.0771    1.5       1.0       12        6         2.41      2.41      1.49      1.49      2         0         10        14        2         4         0         0         0.52168   0.203577  0         
TbAs      1.1       2.18      65        33        5.8638    9.78855   0.13132   0.80482   1.75      1.15      3         5         3.89      3.89      1.2       1.2       2         0         0         9         2         3         10        0         0.709899  0.163623  1         
TmAs      1.25      2.18      69        33        6.18431   9.78855   1.02922   0.80482   1.75      1.15      3         5         3.60      3.60      1.2       1.2       2         0         0         13        2         3         10        0         0.987763  0.262374  0         
ZrS       1.33      2.58      40        16        6.63413   10.36001  0.43329   2.0771    1.55      1.0       4         6         2.825     2.825     1.70      1.70      2         0         2         0         2         4         0         0         0.17113   0.231252  0         
SnSe      1.96      2.55      50        34        7.34392   9.75239   1.11207   2.0206    1.45      1.15      4         6         1.88      1.88      1.88      1.88      2         2         10        0         2         4         10        0         0.536032  0.849478  1         
LaP       1.1       2.19      57        15        5.5769    10.48669  0.55755   0.74661   1.95      1.0       3         5         3.08      3.08      1.35      1.35      2         0         1         0         2         3         0         0         0.31879   0.105274  1         
SmN       1.17      3.04      62        7         5.64371   14.53413  0.162     -0.07     1.85      0.65      3         5         4.14      4.14      1.2       1.2       2         0         0         6         2         3         0         0         0.410834  0.784292  1         
HgSe      2.0       2.55      80        34        10.4375   9.75239   -0.52     2.0206    1.5       1.15      12        6         2.41      2.41      1.49      1.49      2         0         10        14        2         4         10        0         0.199352  0.993707  0         
BaTe      0.89      2.1       56        52        5.21166   9.00981   0.14463   1.97088   2.15      1.4       2         6         3.402     3.402     1.08      1.08      2         0         0         0         2         4         10        0         0.780926  0.435815  0         
TmP       1.25      2.19      69        15        6.18431   10.48669  1.02922   0.74661   1.75      1.0       3         5         3.60      3.60      1.2       1.2       2         0         0         13        2         3         0         0         0.04641   0.577964  0         
SmP       1.17      2.19      62        15        5.64371   10.48669  0.162     0.74661   1.85      1.0       3         5         4.14      4.14      1.2       1.2       2         0         0         6         2         3         0         0         0.686687  0.23721   1         
ThS       1.3       2.58      90        16        6.3067    10.36001  1.17      2.0771    1.8       1.0       3         6         4.98      4.98      1.3       1.3       2         0         2         0         2         4         0         0         0.269624  0.146601  0         
AgBr      1.93      2.96      47        35        7.57623   11.81381  1.30447   3.36359   1.6       1.15      11        7         2.375     2.375     1.07      1.07      1         0         10        0         2         5         10        0         0.639825  0.305509  0         
YBi       1.22      2.02      39        83        6.21726   7.28552   0.30712   0.94236   1.8       1.6       3         5         2.94      2.94      1.41      1.41      2         0         1         0         2         3         10        14        0.935267  0.397667  1         
LiBr      0.98      2.96      3         35        5.39171   11.81381  0.61805   3.36359   1.45      1.15      1         7         1.61      1.61      0.90      0.90      1         0         0         0         2         5         10        0         0.990323  0.149132  0         
RbCl      0.82      3.16      37        17        4.17713   12.96763  0.48592   3.61273   2.35      1.0       1         7         4.10      4.10      0.80      0.80      1         0         0         0         2         5         0         0         0.455556  0.617503  0         
PrN       1.13      3.04      59        7         5.4702    14.53413  0.10923   -0.07     1.85      0.65      3         5         4.48      4.48      1.1       1.1       2         0         0         3         2         3         0         0         0.362966  0.33842   1         
HCl       2.2       3.16      1         17        13.59843  12.96763  0.7546    3.61273   0.25      1.0       1         7         1.25      1.25      2.10      2.10      1         0         0         0         2         5         0         0         0.657953  0.439185  0         
CuN       1.9       3.04      29        7         7.72638   14.53413  1.23578   -0.07     1.35      0.65      11        5         2.04      2.04      1.08      1.08      1         0         10        0         2         3         0         0         0.860806  0.887756  0         
ZrO       1.33      3.44      40        8         6.63413   13.61806  0.43329   1.46111   1.55      0.6       4         6         2.825     2.825     1.70      1.70      2         0         2         0         2         4         0         0         0.989382  0.478807  0         
LuBi      1.27      2.02      71        83        5.42587   7.28552   0.23887   0.94236   1.75      1.6       3         5         3.37      3.37      1.2       1.2       2         0         1         14        2         3         10        14        0.594059  0.117957  1         
TlCl      1.62      3.16      81        17        6.10829   12.96763  0.32005   3.61273   1.9       1.0       3         7         2.235     2.235     1.69      1.69      2         1         10        14        2         5         0         0         0.708486  0.52422   0         
ErH       1.24      2.2       68        1         6.1077    13.59843  0.312     0.7546    1.75      0.25      3         1         3.63      3.63      1.2       1.2       2         0         0         12        1         0         0         0         0.339086  0.715384  0         
TlBr      1.62      2.96      81        35        6.10829   11.81381  0.32005   3.36359   1.9       1.15      3         7         2.235     2.235     1.69      1.69      2         1         10        14        2         5         10        0         0.350483  0.044458  0         
PtO       2.28      3.44      78        8         8.95883   13.61806  2.12511   1.46111   1.35      0.6       10        6         2.70      2.70      1.91      1.91      1         0         9         14        2         4         0         0         0.955297  0.926908  0         
NbN       1.6       3.04      41        7         6.75885   14.53413  0.91741   -0.07     1.45      0.65      5         5         2.76      2.76      2.03      2.03      1         0         4         0         2         3         0         0         0.644335  0.859033  0         
CsBr      0.79      2.96      55        35        3.89391   11.81381  0.47163   3.36359   2.6       1.15      1         7         4.31      4.31      0.77      0.77      1         0         0         0         2         5         10        0         0.538828  0.146017  0         
BeO       1.57      3.44      4         8         9.3227    13.61806  -0.52     1.46111   1.05      0.6       2         6         1.08      1.08      1.45      1.45      2         0         0         0         2         4         0         0         0.35943   0.01235   0         
CdC       1.69      2.55      48        6         8.99382   11.26029  -0.72     1.26211   1.55      0.7       12        4         2.215     2.215     1.40      1.40      2         0         10        0         2         2         0         0         0.930275  0.760141  0         
TlN       1.62      3.04      81        7         6.10829   14.53413  0.32005   -0.07     1.9       0.65      3         5         2.235     2.235     1.69      1.69      2         1         10        14        2         3         0         0         0.370143  0.433405  0         
ScAs      1.36      2.18      21        33        6.56149   9.78855   0.1882    0.80482   1.6       1.15      3         5         2.75      2.75      1.50      1.50      2         0         1         0         2         3         10        0         0.40854   0.941596  1         
MgO       1.31      3.44      12        8         7.64624   13.61806  -0.42     1.46111   1.5       0.6       2         6         2.03      2.03      1.31      1.31      2         0         0         0         2         4         0         0         0.417476  0.329236  0         
BrN       2.96      3.04      35        7         11.81381  14.53413  3.36359   -0.07     1.15      0.65      7         5         1.20      1.20      2.83      2.83      2         5         10        0         2         3         0         0         0.072476  0.045618  0         
ThC       1.3       2.55      90        6         6.3067    11.26029  1.17      1.26211   1.8       0.7       3         4         4.98      4.98      1.3       1.3       2         0         2         0         2         2         0         0         0.563079  0.512107  0         
LiH       0.98      2.2       3         1         5.39171   13.59843  0.61805   0.7546    1.45      0.25      1         1         1.61      1.61      0.90      0.90      1         0         0         0         1         0         0         0         0.315444  0.990009  0         
NdN       1.14      3.04      60        7         5.525     14.53413  0.09749   -0.07     1.85      0.65      3         5         3.99      3.99      1.2       1.2       2         0         0         4         2         3         0         0         0.483354  0.382608  1         
PtC       2.28      2.55      78        6         8.95883   11.26029  2.12511   1.26211   1.35      0.7       10        4         2.70      2.70      1.91      1.91      1         0         9         14        2         2         0         0         0.434048  0.193511  1         
NpN       1.36      3.04      93        7         6.26554   14.53413  0.48      -0.07     1.75      0.65      3         5         4.93      4.93      1.3       1.3       2         0         1         4         2         3         0         0         0.896793  0.597065  0         
NdAs      1.14      2.18      60        33        5.525     9.78855   0.09749   0.80482   1.85      1.15      3         5         3.99      3.99      1.2       1.2       2         0         0         4         2         3         10        0         0.00985   0.413879  1         
CsB       0.79      2.04      55        5         3.89391   8.29802   0.47163   0.27972   2.6       0.85      1         3         4.31      4.31      0.77      0.77      1         0         0         0         2         1         0         0         0.11127   0.084791  0         
IN        2.66      3.04      53        7         10.45126  14.53413  3.05905   -0.07     1.4       0.65      7         5         1.585     1.585     2.76      2.76      2         5         10        0         2         3         0         0         0.864219  0.63687   0         
PrBi      1.13      2.02      59        83        5.4702    7.28552   0.10923   0.94236   1.85      1.6       3         5         4.48      4.48      1.1       1.1       2         0         0         3         2         3         10        14        0.490165  0.123424  1         
HfC       1.3       2.55      72        6         6.82507   11.26029  0.17807   1.26211   1.55      0.7       4         4         2.91      2.91      1.73      1.73      2         0         2         14        2         2         0         0         0.21825   0.715684  1         
ZnO       1.65      3.44      30        8         9.3942    13.61806  -0.62     1.46111   1.35      0.6       12        6         1.88      1.88      1.44      1.44      2         0         10        0         2         4         0         0         0.705052  0.435991  0         
VN        1.63      3.04      23        7         6.74619   14.53413  0.52766   -0.07     1.35      0.65      5         5         2.43      2.43      2.22      2.22      2         0         3         0         2         3         0         0         0.677987  0.732405  0         
DySb      1.22      2.05      66        51        5.93905   8.60839   0.352     1.0474    1.75      1.45      3         5         3.67      3.67      1.15      1.15      2         0         0         10        2         3         10        0         0.175384  0.764889  1         
InSb      1.78      2.05      49        51        5.78636   8.60839   0.38393   1.0474    1.55      1.45      3         5         2.05      2.05      1.63      1.63      2         1         10        0         2         3         10        0         0.01737   0.572432  0         
LuP       1.27      2.19      71        15        5.42587   10.48669  0.23887   0.74661   1.75      1.0       3         5         3.37      3.37      1.2       1.2       2         0         1         14        2         3         0         0         0.614161  0.982802  0         
DyN       1.22      3.04      66        7         5.93905   14.53413  0.352     -0.07     1.75      0.65      3         5         3.67      3.67      1.15      1.15      2         0         0         10        2         3         0         0         0.077339  0.38597   0         
ThSe      1.3       2.55      90        34        6.3067    9.75239   1.17      2.0206    1.8       1.15      3         6         4.98      4.98      1.3       1.3       2         0         2         0         2         4         10        0         0.630678  0.61479   0         
HoSb      1.23      2.05      67        51        6.0215    8.60839   0.338     1.0474    1.75      1.45      3         5         3.65      3.65      1.2       1.2       2         0         0         11        2         3         10        0         0.690501  0.120539  1         
YbO       1.1       3.44      70        8         6.25416   13.61806  -0.02     1.46111   1.75      0.6       3         6         3.59      3.59      1.1       1.1       2         0         0         14        2         4         0         0         0.938914  0.225216  0         
ErSb      1.24      2.05      68        51        6.1077    8.60839   0.312     1.0474    1.75      1.45      3         5         3.63      3.63      1.2       1.2       2         0         0         12        2         3         10        0         0.083249  0.220265  1         
SnTe      1.96      2.1       50        52        7.34392   9.00981   1.11207   1.97088   1.45      1.4       4         6         1.88      1.88      1.88      1.88      2         2         10        0         2         4         10        0         0.109582  0.460047  1         
ThGe      1.3       2.01      90        32        6.3067    7.89944   1.17      1.23268   1.8       1.25      3         4         4.98      4.98      1.3       1.3       2         0         2         0         2         2         10        0         0.848945  0.987057  1         
CdTe      1.69      2.1       48        52        8.99382   9.00981   -0.72     1.97088   1.55      1.4       12        6         2.215     2.215     1.40      1.40      2         0         10        0         2         4         10        0         0.000305  0.129728  0         
LiF       0.98      3.98      3         9         5.39171   17.42282  0.61805   3.40119   1.45      0.5       1         7         1.61      1.61      0.90      0.90      1         0         0         0         2         5         0         0         0.959868  0.267469  0         
TbSb      1.1       2.05      65        51        5.8638    8.60839   0.13132   1.0474    1.75      1.45      3         5         3.89      3.89      1.2       1.2       2         0         0         9         2         3         10        0         0.017378  0.600916  1         
YbSe      1.1       2.55      70        34        6.25416   9.75239   -0.02     2.0206    1.75      1.15      3         6         3.59      3.59      1.1       1.1       2         0         0         14        2         4         10        0         0.342947  0.151272  0         
KF        0.82      3.98      19        9         4.34066   17.42282  0.50146   3.40119   2.2       0.5       1         7         3.69      3.69      0.80      0.80      1         0         0         0         2         5         0         0         0.683474  0.778101  0         
KI        0.82      2.66      19        53        4.34066   10.45126  0.50146   3.05905   2.2       1.4       1         7         3.69      3.69      0.80      0.80      1         0         0         0         2         5         10        0         0.171654  0.921602  0         
DyBi      1.22      2.02      66        83        5.93905   7.28552   0.352     0.94236   1.75      1.6       3         5         3.67      3.67      1.15      1.15      2         0         0         10        2         3         10        14        0.829694  0.323699  1         
TbBi      1.1       2.02      65        83        5.8638    7.28552   0.13132   0.94236   1.75      1.6       3         5         3.89      3.89      1.2       1.2       2         0         0         9         2         3         10        14        0.999875  0.692531  1         
CeSe      1.12      2.55      58        34        5.5386    9.75239   0.572     2.0206    1.85      1.15      3         6         4.50      4.50      1.1       1.1       2         0         1         1         2         4         10        0         0.020406  0.832136  1         
UC        1.38      2.55      92        6         6.19405   11.26029  0.53      1.26211   1.75      0.7       3         4         4.72      4.72      1.7       1.7       2         0         1         3         2         2         0         0         0.301067  0.119578  0         
SrS       0.95      2.58      38        16        5.69487   10.36001  0.05207   2.0771    2.0       1.0       2         6         3.21      3.21      1.13      1.13      2         0         0         0         2         4         0         0         0.116174  0.402516  0         
AgF       1.93      3.98      47        9         7.57623   17.42282  1.30447   3.40119   1.6       0.5       11        7         2.375     2.375     1.07      1.07      1         0         10        0         2         5         0         0         0.989692  0.45058   0         
LaAs      1.1       2.18      57        33        5.5769    9.78855   0.55755   0.80482   1.95      1.15      3         5         3.08      3.08      1.35      1.35      2         0         1         0         2         3         10        0         0.231191  0.692828  1         
ErBi      1.24      2.02      68        83        6.1077    7.28552   0.312     0.94236   1.75      1.6       3         5         3.63      3.63      1.2       1.2       2         0         0         12        2         3         10        14        0.872625  0.939774  1         
NdBi      1.14      2.02      60        83        5.525     7.28552   0.09749   0.94236   1.85      1.6       3         5         3.99      3.99      1.2       1.2       2         0         0         4         2         3         10        14        0.76147   0.493384  1         
HBr       2.2       2.96      1         35        13.59843  11.81381  0.7546    3.36359   0.25      1.15      1         7         1.25      1.25      2.10      2.10      1         0         0         0         2         5         10        0         0.075461  0.878874  0         
InN       1.78      3.04      49        7         5.78636   14.53413  0.38393   -0.07     1.55      0.65      3         5         2.05      2.05      1.63      1.63      2         1         10        0         2         3         0         0         0.114548  0.402223  0         
PdO       2.2       3.44      46        8         8.33684   13.61806  0.56214   1.46111   1.4       0.6       10        6         2.45      2.45      2.08      2.08      0         0         10        0         2         4         0         0         0.381637  0.278476  0         
MnN       1.55      3.04      25        7         7.43404   14.53413  -0.52     -0.07     1.4       0.65      7         5         2.22      2.22      2.04      2.04      2         0         5         0         2         3         0         0         0.356767  0.241347  0         
CuCl      1.9       3.16      29        17        7.72638   12.96763  1.23578   3.61273   1.35      1.0       11        7         2.04      2.04      1.08      1.08      1         0         10        0         2         5         0         0         0.137423  0.600409  0         
NdP       1.14      2.19      60        15        5.525     10.48669  0.09749   0.74661   1.85      1.0       3         5         3.99      3.99      1.2       1.2       2         0         0         4         2         3         0         0         0.928778  0.462953  1         
ReN       1.9       3.04      75        7         7.83352   14.53413  0.0604    -0.07     1.35      0.65      7         5         2.68      2.68      2.06      2.06      2         0         5         14        2         3         0         0         0.0576    0.282679  0         
ScBi      1.36      2.02      21        83        6.56149   7.28552   0.1882    0.94236   1.6       1.6       3         5         2.75      2.75      1.50      1.50      2         0         1         0         2         3         10        14        0.450547  0.37758   1         
TlI       1.62      2.66      81        53        6.10829   10.45126  0.32005   3.05905   1.9       1.4       3         7         2.235     2.235     1.69      1.69      2         1         10        14        2         5         10        0         0.703956  0.03102   0         
PaN       1.5       3.04      91        7         5.89      14.53413  0.55      -0.07     1.8       0.65      3         5         4.96      4.96      1.5       1.5       2         0         1         2         2         3         0         0         0.952987  0.353969  1         
NiC       1.91      2.55      28        6         7.63988   11.26029  1.15716   1.26211   1.35      0.7       10        4         2.18      2.18      1.76      1.76      2         0         8         0         2         2         0         0         0.408383  0.824879  1         
CsI       0.79      2.66      55        53        3.89391   10.45126  0.47163   3.05905   2.6       1.4       1         7         4.31      4.31      0.77      0.77      1         0         0         0         2         5         10        0         0.531925  0.602606  0         
CaTe      1.0       2.1       20        52        6.11316   9.00981   0.02455   1.97088   1.8       1.4       2         6         3.00      3.00      1.17      1.17      2         0         0         0         2         4         10        0         0.400973  0.252178  0         
LuN       1.27      3.04      71        7         5.42587   14.53413  0.23887   -0.07     1.75      0.65      3         5         3.37      3.37      1.2       1.2       2         0         1         14        2         3         0         0         0.983291  0.156865  0         
LuAs      1.27      2.18      71        33        5.42587   9.78855   0.23887   0.80482   1.75      1.15      3         5         3.37      3.37      1.2       1.2       2         0         1         14        2         3         10        0         0.888646  0.066891  0         
CaSe      1.0       2.55      20        34        6.11316   9.75239   0.02455   2.0206    1.8       1.15      2         6         3.00      3.00      1.17      1.17      2         0         0         0         2         4         10        0         0.143088  0.694713  0         
SmBi      1.17      2.02      62        83        5.64371   7.28552   0.162     0.94236   1.85      1.6       3         5         4.14      4.14      1.2       1.2       2         0         0         6         2         3         10        14        0.060177  0.420244  1         
ZnTe      1.65      2.1       30        52        9.3942    9.00981   -0.62     1.97088   1.35      1.4       12        6         1.88      1.88      1.44      1.44      2         0         10        0         2         4         10        0         0.971427  0.189804  0         
HoBi      1.23      2.02      67        83        6.0215    7.28552   0.338     0.94236   1.75      1.6       3         5         3.65      3.65      1.2       1.2       2         0         0         11        2         3         10        14        0.454309  0.75094   1         
MgS       1.31      2.58      12        16        7.64624   10.36001  -0.42     2.0771    1.5       1.0       2         6         2.03      2.03      1.31      1.31      2         0         0         0         2         4         0         0         0.815873  0.414371  0         
PrSb      1.13      2.05      59        51        5.4702    8.60839   0.10923   1.0474    1.85      1.45      3         5         4.48      4.48      1.1       1.1       2         0         0         3         2         3         10        0         0.217757  0.694303  1         
AgN       1.93      3.04      47        7         7.57623   14.53413  1.30447   -0.07     1.6       0.65      11        5         2.375     2.375     1.07      1.07      1         0         10        0         2         3         0         0         0.996063  0.752458  0         
PuTe      1.28      2.1       94        52        6.02576   9.00981   -0.5      1.97088   1.75      1.4       3         6         4.91      4.91      1.3       1.3       2         0         0         6         2         4         10        0         0.511097  0.982817  1         
TbN       1.1       3.04      65        7         5.8638    14.53413  0.13132   -0.07     1.75      0.65      3         5         3.89      3.89      1.2       1.2       2         0         0         9         2         3         0         0         0.663988  0.123016  0         
RbH       0.82      2.2       37        1         4.17713   13.59843  0.48592   0.7546    2.35      0.25      1         1         4.10      4.10      0.80      0.80      1         0         0         0         1         0         0         0         0.003225  0.590671  0         
ZrC       1.33      2.55      40        6         6.63413   11.26029  0.43329   1.26211   1.55      0.7       4         4         2.825     2.825     1.70      1.70      2         0         2         0         2         2         0         0         0.285446  0.410578  1         
MgSe      1.31      2.55      12        34        7.64624   9.75239   -0.42     2.0206    1.5       1.15      2         6         2.03      2.03      1.31      1.31      2         0         0         0         2         4         10        0         0.605666  0.354583  0         
SmAs      1.17      2.18      62        33        5.64371   9.78855   0.162     0.80482   1.85      1.15      3         5         4.14      4.14      1.2       1.2       2         0         0         6         2         3         10        0         0.138985  0.506099  1         
CaS       1.0       2.58      20        16        6.11316   10.36001  0.02455   2.0771    1.8       1.0       2         6         3.00      3.00      1.17      1.17      2         0         0         0         2         4         0         0         0.39063   0.833356  0         
MgTe      1.31      2.1       12        52        7.64624   9.00981   -0.42     1.97088   1.5       1.4       2         6         2.03      2.03      1.31      1.31      2         0         0         0         2         4         10        0         0.902089  0.994195  0         
LuSb      1.27      2.05      71        51        5.42587   8.60839   0.23887   1.0474    1.75      1.45      3         5         3.37      3.37      1.2       1.2       2         0         1         14        2         3         10        0         0.697708  0.042255  0         
MoC       2.16      2.55      42        6         7.09243   11.26029  0.74733   1.26211   1.45      0.7       6         4         2.72      2.72      1.94      1.94      1         0         5         0         2         2         0         0         0.076728  0.922485  0         
TePb      2.1       2.33      52        82        9.00981   7.41668   1.97088   0.35672   1.4       1.8       6         4         1.67      1.67      2.38      2.38      2         4         10        0         2         2         10        14        0.526183  0.51113   1         
PdC       2.2       2.55      46        6         8.33684   11.26029  0.56214   1.26211   1.4       0.7       10        4         2.45      2.45      2.08      2.08      0         0         10        0         2         2         0         0         0.206095  0.758261  1         
RbF       0.82      3.98      37        9         4.17713   17.42282  0.48592   3.40119   2.35      0.5       1         7         4.10      4.10      0.80      0.80      1         0         0         0         2         5         0         0         0.628286  0.756724  0         
TmSb      1.25      2.05      69        51        6.18431   8.60839   1.02922   1.0474    1.75      1.45      3         5         3.60      3.60      1.2       1.2       2         0         0         13        2         3         10        0         0.810984  0.817215  0         
CeO       1.12      3.44      58        8         5.5386    13.61806  0.572     1.46111   1.85      0.6       3         6         4.50      4.50      1.1       1.1       2         0         1         1         2         4         0         0         0.053974  0.894742  1         
CdSe      1.69      2.55      48        34        8.99382   9.75239   -0.72     2.0206    1.55      1.15      12        6         2.215     2.215     1.40      1.40      2         0         10        0         2         4         10        0         0.972227  0.769079  0         
ErAs      1.24      2.18      68        33        6.1077    9.78855   0.312     0.80482   1.75      1.15      3         5         3.63      3.63      1.2       1.2       2         0         0         12        2         3         10        0         0.940864  0.414687  0         
BaSe      0.89      2.55      56        34        5.21166   9.75239   0.14463   2.0206    2.15      1.15      2         6         3.402     3.402     1.08      1.08      2         0         0         0         2         4         10        0         0.143623  0.857688  0         
GeSe      2.01      2.55      32        34        7.89944   9.75239   1.23268   2.0206    1.25      1.15      4         6         1.56      1.56      1.99      1.99      2         2         10        0         2         4         10        0         0.777191  0.716189  0         
TiO       1.54      3.44      22        8         6.82812   13.61806  0.07555   1.46111   1.4       0.6       4         6         2.58      2.58      1.86      1.86      2         0         2         0         2         4         0         0         0.242958  0.014125  0         
CdO       1.69      3.44      48        8         8.99382   13.61806  -0.72     1.46111   1.55      0.6       12        6         2.215     2.215     1.40      1.40      2         0         10        0         2         4         0         0         0.189172  0.593217  0         
BeSe      1.57      2.55      4         34        9.3227    9.75239   -0.52     2.0206    1.05      1.15      2         6         1.08      1.08      1.45      1.45      2         0         0         0         2         4         10        0         0.365074  0.818793  0         
SrTe      0.95      2.1       38        52        5.69487   9.00981   0.05207   1.97088   2.0       1.4       2         6         3.21      3.21      1.13      1.13      2         0         0         0         2         4         10        0         0.744264  0.713029  0         
ErP       1.24      2.19      68        15        6.1077    10.48669  0.312     0.74661   1.75      1.0       3         5         3.63      3.63      1.2       1.2       2         0         0         12        2         3         0         0         0.611057  0.765003  0         
TmN       1.25      3.04      69        7         6.18431   14.53413  1.02922   -0.07     1.75      0.65      3         5         3.60      3.60      1.2       1.2       2         0         0         13        2         3         0         0         0.657286  0.440593  0         
YbTe      1.1       2.1       70        52        6.25416   9.00981   -0.02     1.97088   1.75      1.4       3         6         3.59      3.59      1.1       1.1       2         0         0         14        2         4         10        0         0.581036  0.233291  0         
SmSb      1.17      2.05      62        51        5.64371   8.60839   0.162     1.0474    1.85      1.45      3         5         4.14      4.14      1.2       1.2       2         0         0         6         2         3         10        0         0.265369  0.237207  1         
SrSe      0.95      2.55      38        34        5.69487   9.75239   0.05207   2.0206    2.0       1.15      2         6         3.21      3.21      1.13      1.13      2         0         0         0         2         4         10        0         0.480138  0.093889  0         
HgTe      2.0       2.1       80        52        10.4375   9.00981   -0.52     1.97088   1.5       1.4       12        6         2.41      2.41      1.49      1.49      2         0         10        14        2         4         10        0         0.735921  0.392447  0         
GaN       1.81      3.04      31        7         5.9993    14.53413  0.3012    -0.07     1.3       0.65      3         5         1.695     1.695     1.70      1.70      2         1         10        0         2         3         0         0         0.01787   0.14315   0         
CeC       1.12      2.55      58        6         5.5386    11.26029  0.572     1.26211   1.85      0.7       3         4         4.50      4.50      1.1       1.1       2         0         1         1         2         2         0         0         0.91287   0.389297  0         
RuC       2.2       2.55      44        6         7.3605    11.26029  1.04638   1.26211   1.3       0.7       8         4         2.605     2.605     1.97      1.97      1         0         7         0         2         2         0         0         0.515797  0.83905   1         
LiI       0.98      2.66      3         53        5.39171   10.45126  0.61805   3.05905   1.45      1.4       1         7         1.61      1.61      0.90      0.90      1         0         0         0         2         5         10        0         0.060371  0.831907  0         
LiCl      0.98      3.16      3         17        5.39171   12.96763  0.61805   3.61273   1.45      1.0       1         7         1.61      1.61      0.90      0.90      1         0         0         0         2         5         0         0         0.459749  0.045694  0         
AgI       1.93      2.66      47        53        7.57623   10.45126  1.30447   3.05905   1.6       1.4       11        7         2.375     2.375     1.07      1.07      1         0         10        0         2         5         10        0         0.269003  0.66753   0         
AgCl      1.93      3.16      47        17        7.57623   12.96763  1.30447   3.61273   1.6       1.0       11        7         2.375     2.375     1.07      1.07      1         0         10        0         2         5         0         0         0.78913   0.919223  0         
CeS       1.12      2.58      58        16        5.5386    10.36001  0.572     2.0771    1.85      1.0       3         6         4.50      4.50      1.1       1.1       2         0         1         1         2         4         0         0         0.8401    0.564876  1         
LaN       1.1       3.04      57        7         5.5769    14.53413  0.55755   -0.07     1.95      0.65      3         5         3.08      3.08      1.35      1.35      2         0         1         0         2         3         0         0         0.747498  0.986037  0         
GeC       2.01      2.55      32        6         7.89944   11.26029  1.23268   1.26211   1.25      0.7       4         4         1.56      1.56      1.99      1.99      2         2         10        0         2         2         0         0         0.448855  0.838099  0         
PaAs      1.5       2.18      91        33        5.89      9.78855   0.55      0.80482   1.8       1.15      3         5         4.96      4.96      1.5       1.5       2         0         1         2         2         3         10        0         0.043758  0.867571  0         
US        1.38      2.58      92        16        6.19405   10.36001  0.53      2.0771    1.75      1.0       3         6         4.72      4.72      1.7       1.7       2         0         1         3         2         4         0         0         0.405057  0.539236  0         
CsF       0.79      3.98      55        9         3.89391   17.42282  0.47163   3.40119   2.6       0.5       1         7         4.31      4.31      0.77      0.77      1         0         0         0         2         5         0         0         0.765609  0.244012  0         
RbBr      0.82      2.96      37        35        4.17713   11.81381  0.48592   3.36359   2.35      1.15      1         7         4.10      4.10      0.80      0.80      1         0         0         0         2         5         10        0         0.642397  0.422827  0         
RbI       0.82      2.66      37        53        4.17713   10.45126  0.48592   3.05905   2.35      1.4       1         7         4.10      4.10      0.80      0.80      1         0         0         0         2         5         10        0         0.449658  0.161122  0         
NaBr      0.93      2.96      11        35        5.13908   11.81381  0.54793   3.36359   1.8       1.15      1         7         2.65      2.65      0.89      0.89      1         0         0         0         2         5         10        0         0.682669  0.519385  0         
LaBi      1.1       2.02      57        83        5.5769    7.28552   0.55755   0.94236   1.95      1.6       3         5         3.08      3.08      1.35      1.35      2         0         1         0         2         3         10        14        0.03142   0.090884  1         
InAs      1.78      2.18      49        33        5.78636   9.78855   0.38393   0.80482   1.55      1.15      3         5         2.05      2.05      1.63      1.63      2         1         10        0         2         3         10        0         0.075123  0.289164  0         
SiC       1.9       2.55      14        6         8.15168   11.26029  1.38952   1.26211   1.1       0.7       4         4         1.42      1.42      1.98      1.98      2         2         0         0         2         2         0         0         0.174312  0.343991  0         
