0 -0.44413 -0.39884 0.22368 -0.08759 -0.21698 -0.13147 0.09841 0.18752 0.01714 -0.13137 -0.17003 -0.03629 -0.10096 -0.06605 -0.1169 -0.02186 -0.07124 0.00128 0.06238 -0.20746
1 -0.30435 0.12075 -0.16547 0.14579 -0.37804 0.48938 -0.32255 -0.00104 0.01758 0.09971 0.08705 -0.23718 -0.00648 0.02067 0.12241 0.07446 -0.06373 -0.03423 0.00696 -0.01955
1 -0.36611 0.47558 -0.18529 0.17984 0.12822 0.17956 0.10442 0.17996 -0.10504 0.0789 -0.12127 -0.00428 -0.10498 0.01118 -0.02698 0.03598 -0.01018 0.04705 -0.14079 -0.05616
1 0.17779 0.25568 0.18477 -0.2538 0.04475 -0.26507 -0.15629 -0.29875 0.0044 0.02046 0.04739 -0.11737 -0.21887 -0.22434 0.04686 -0.01129 -0.13278 0.07098 -0.09171 -0.10511
0 -0.08381 -0.16022 -0.30986 -0.01965 -0.05185 -0.12819 -0.06496 -0.06483 0.02513 -0.00298 0.07705 0.17936 0.07847 -0.03537 0.10243 -0.00679 -0.1367 0.39822 0.01274 0.08611
0 -0.30455 -0.21305 -0.15849 -0.13456 -0.15192 -0.20573 0.25874 0.00459 -0.20423 0.1381 0.12519 -0.26167 0.01176 0.17536 0.00393 -0.22884 0.01994 -0.05202 -0.01107 0.04305
0 -0.32545 -0.26969 -0.16491 -0.17763 -0.21274 -0.26721 0.22222 0.02534 -0.26169 0.213 0.02565 -0.2116 -0.05995 0.27402 -0.01386 -0.24024 -0.06438 -0.1051 0.10604 -0.04394
0 -0.39865 -0.18841 0.0759 -0.04022 -0.17672 -0.09295 0.10059 0.29064 0.021 0.03983 -0.11139 -0.04755 0.0035 -0.14145 -0.10375 -0.07413 -0.13729 -0.0764 0.20337 -0.18946
0 0.5168 -0.09141 -0.02656 0.37636 -0.03608 0.0083 0.07641 -0.00941 0.08926 0.05462 -0.10695 -0.08764 -0.00074 0.10686 -0.03887 0.00369 0.11355 0.08445 0.07286 -0.03618
0 0.50235 -0.07826 0.22185 0.10596 0.04436 0.05259 0.13079 -0.11116 -0.06784 0.09049 -0.02992 -0.05139 -0.2515 -0.14622 0.08364 -0.00566 -0.05321 -0.08373 0.03076 0.07372
0 0.45494 -0.13961 -0.12447 -0.35351 0.15333 0.23301 -0.08942 0.17082 0.01337 0.01944 -0.16164 -0.11498 0.07909 0.11555 -0.13744 0.08694 0.06741 0.08293 -0.05093 -0.00458
1 0.11548 -0.22189 -0.28813 0.218 0.07904 -0.19991 -0.18524 0.0769 0.0333 -0.0089 0.0767 0.03903 -0.02436 -0.05882 -0.11379 0.07109 -0.16131 -0.09626 -0.08572 0.14167
1 -0.38613 0.37127 -0.20855 0.10055 0.04246 0.09372 0.22055 0.29368 -0.04076 -0.07921 -0.01146 -0.02077 -0.1556 -0.10055 0.01268 -0.00754 -0.00537 0.0437 0.00347 -0.05821
0 0.1113 0.43049 0.27148 -0.05255 -0.30743 -0.00808 -0.02209 -0.07733 -0.17096 -0.02208 0.06596 0.15643 0.13619 -0.01998 -0.18931 -0.06204 -0.05792 -0.04366 -0.0544 0.03061
0 -0.24487 -0.27639 -0.1804 -0.14997 -0.08463 -0.20449 0.10099 -0.20058 -0.22287 0.1146 0.07225 -0.03879 0.01241 0.18362 0.09018 0.19645 0.11753 0.00598 -0.14929 0.2318
1 -0.13974 -0.17743 -0.06214 -0.04536 0.24744 0.12516 0.12029 -0.15433 0.24903 -0.18505 0.44252 0.00799 -0.05261 0.12471 -0.14416 0.05898 -0.05841 -0.01566 0.12058 -0.1698
0 0.1494 0.09396 -0.22769 0.16172 -0.18235 0.0192 0.20474 -0.03766 0.26478 -0.09694 -0.12046 0.04307 0.17131 0.14054 0.10174 0.01027 0.0073 -0.02785 -0.03748 -0.04156
0 0.23234 0.25394 0.36175 0.03273 -0.01007 -0.10316 -0.19721 0.14103 -0.12628 0.13705 0.13619 0.02084 -0.01148 0.07241 -0.1061 0.01503 0.11693 0.07008 0.11124 0.04816
1 0.35247 -0.08795 -0.07034 -0.38077 0.09861 0.18501 -0.02119 0.28878 0.05681 -0.05268 0.08126 0.08014 0.07468 0.17172 0.04876 0.0581 0.03129 -0.05886 -0.09239 -0.01859
0 -0.10994 -0.16492 0.01037 -0.02947 0.32534 0.20718 0.0612 -0.3694 0.07294 -0.18847 0.40332 0.07745 -0.05268 0.19829 -0.05874 -0.02203 -0.02522 -0.01783 0.14385 -0.20431
1 -0.30058 0.51871 -0.18026 0.11025 0.18055 0.13604 0.18309 -0.02932 -0.20859 -0.11696 -0.08642 0.05905 -0.15293 -0.05064 -0.05507 -0.04285 0.08777 0.03705 -0.02693 0.0791
1 -0.2422 -0.12005 0.30233 0.10504 0.25853 0.15695 -0.02976 -0.1797 0.07184 -0.14209 0.1587 -0.01828 0.00986 0.17405 0.08207 0.03801 0.06513 0.06084 -0.14871 -0.04303
1 0.09349 0.26992 0.10966 -0.14853 -0.00695 -0.29884 -0.19645 0.14433 0.14596 -0.0209 0.12721 -0.06227 -0.03262 0.10274 0.17499 0.03331 0.08485 0.08937 -0.00172 -0.06656
0 0.23174 0.23963 0.38841 0.00638 -0.01899 -0.09223 -0.1595 0.10571 -0.19703 0.06928 0.15651 0.05932 -0.0146 0.02305 -0.02564 -0.07686 0.13597 0.06788 0.13713 0.05507
0 0.31392 -0.25902 -0.28644 0.43296 0.12118 -0.20975 -0.2775 0.05427 -0.25948 -0.22478 0.0338 0.02891 0.05303 -0.05885 -0.02993 -0.09548 -0.03969 -0.06842 -0.02209 -0.04325
1 -0.06229 0.4005 -0.19177 -0.2167 -0.0502 -0.27964 -0.03321 -0.03978 0.25711 -0.33378 -0.10428 -0.11135 -0.01052 0.02011 0.10422 0.00992 0.06504 -0.08842 0.13004 0.12573
0 0.47287 -0.15073 -0.09948 -0.37678 0.171 0.26099 -0.0853 0.11176 -0.0735 0.00477 -0.17813 -0.11714 0.0883 0.02106 -0.15515 0.01741 0.06712 0.08289 0.0228 0.00536
0 0.42299 -0.15733 -0.1074 -0.38191 0.13691 0.24629 -0.03457 0.11049 -0.06279 -0.03074 -0.13193 -0.03363 0.10677 0.05968 -0.01782 0.0105 0.06435 0.05055 -0.05109 -0.08063
0 -0.14416 -0.06638 -0.22162 -0.02215 0.26416 0.01408 0.0463 -0.05938 0.25518 0.15482 0.20498 0.06297 0.08604 0.00039 -0.24182 0.08037 -0.21277 -0.18458 0.2826 0.16282
1 -0.302 0.52603 -0.18503 0.11237 0.18152 0.1363 0.18452 -0.01841 -0.19917 -0.11605 -0.08754 0.05804 -0.15939 -0.04112 -0.05597 -0.03742 0.08608 0.03587 -0.03325 0.07343
1 -0.36113 -0.25535 0.42575 0.16349 0.17639 0.19675 -0.1116 -0.12294 0.07926 -0.14467 -0.01125 -0.01887 0.02774 0.11889 0.0461 -0.06631 0.07275 0.03948 -0.13573 0.15815
0 0.23465 0.24504 0.38733 0.00874 -0.02007 -0.09506 -0.1623 0.12199 -0.18109 0.07327 0.15933 0.05665 -0.01865 0.04072 -0.02625 -0.06833 0.13561 0.06737 0.12568 0.05065
0 0.50671 -0.11206 0.01373 0.33826 -0.02853 0.0294 0.1091 -0.09898 -0.04543 -0.00661 -0.09345 -0.05663 0.01572 -0.03456 0.02153 -0.13184 0.12774 0.08175 0.18463 -0.00601
0 0.22807 -0.25536 -0.32943 0.33354 0.05513 -0.24237 -0.19085 0.20364 -0.0572 -0.23585 0.13723 0.04128 0.064 -0.03515 0.04187 -0.00963 -0.06459 -0.02032 -0.07935 0.04698
1 -0.3108 0.10073 -0.09378 0.13646 -0.36664 0.49523 -0.27772 -0.07511 -0.10546 0.0061 0.08285 -0.23431 0.03967 -0.03102 0.15831 0.00603 -0.0782 -0.01167 0.06548 0.05825
1 0.17607 0.2623 0.16786 -0.23513 0.04899 -0.2736 -0.17827 -0.27186 0.04936 0.0618 0.02728 -0.14505 -0.21074 -0.18154 -0.00779 0.0544 -0.14249 0.07583 -0.10297 -0.10819
1 -0.27737 -0.07653 -0.04204 0.08078 0.2021 -0.0214 -0.03569 0.1323 0.30008 0.29187 0.02286 0.00416 0.17729 -0.1521 -0.20493 -0.05818 -0.15819 -0.221 0.08794 0.31906
0 0.50827 -0.07581 0.22155 0.10904 0.04314 0.05138 0.13172 -0.0985 -0.0533 0.09251 -0.02787 -0.05292 -0.25641 -0.13097 0.08628 0.00167 -0.05457 -0.08569 0.01766 0.07208
1 -0.21671 0.26895 -0.35441 -0.05073 0.14515 0.06355 0.18598 0.02653 0.06051 -0.1727 0.05686 0.18194 -0.24581 0.12705 -0.08767 0.13797 0.03694 -0.04146 0.09193 0.00402
1 -0.3687 0.48138 -0.17732 0.18369 0.1318 0.18512 0.10599 0.16901 -0.12146 0.07555 -0.12449 -0.00539 -0.09876 0.00157 -0.02832 0.03036 -0.00622 0.04891 -0.13516 -0.0487
1 -0.35287 0.39991 -0.1212 0.13216 0.11067 0.16858 0.14452 0.03576 -0.26534 -0.04614 -0.08787 0.06016 -0.08533 -0.07945 0.06535 -0.10724 0.05808 0.07454 -0.0726 0.03888
1 -0.37465 0.49273 -0.16159 0.18717 0.13637 0.19493 0.11741 0.1487 -0.16001 0.05221 -0.12635 0.00125 -0.0968 -0.01599 -0.0147 0.00527 0.00813 0.0548 -0.12569 -0.0336
1 0.03196 0.32904 0.12331 -0.09406 -0.34199 -0.09831 0.0948 0.22139 0.10059 -0.11466 0.18923 0.09939 0.08764 -0.0104 -0.0665 0.01079 -0.05999 -0.03031 0.00779 0.02394
0 0.45137 -0.11852 0.00213 0.27315 -0.03106 0.03179 0.12057 -0.1088 -0.07357 -0.047 -0.05636 0.00456 0.00899 -0.04795 0.11731 -0.2069 0.12082 0.05284 0.16961 0.01014
1 -0.25372 -0.13438 0.33627 0.09896 0.2788 0.17598 -0.03201 -0.24823 0.00275 -0.19736 0.17348 -0.00194 -0.01585 0.14055 0.10828 -0.107 0.09019 0.06078 -0.11234 0.0991
0 0.15881 0.19682 0.18106 -0.03065 -0.06626 -0.1507 -0.09854 0.36695 0.13262 0.04407 0.2358 0.08684 -0.04515 0.22281 0.12337 0.08015 0.08732 0.00266 -0.03515 0.00628
0 0.2724 -0.04941 0.01582 -0.05937 -0.13233 0.03108 0.24214 -0.01071 0.018 -0.05059 0.09051 0.22374 0.06078 -0.07915 0.40561 -0.16249 -0.06933 -0.16913 -0.05031 0.02613
1 -0.01735 0.48708 -0.10452 -0.20193 -0.00247 -0.2454 -0.12241 -0.26242 0.08217 -0.2747 -0.21422 -0.12581 0.01322 -0.01547 0.01314 -0.06817 0.07186 -0.08527 0.06381 0.09381
0 0.37665 -0.10946 0.08541 0.04595 -0.04695 -0.0487 0.21745 0.19571 0.21789 -0.00627 0.13765 -0.05387 -0.1882 -0.09244 0.17228 0.0869 -0.06232 -0.03884 -0.0272 0.15222
0 -0.06841 0.27466 0.10435 -0.11796 0.26535 -0.33076 -0.18571 -0.11621 0.09959 0.07757 -0.10325 -0.18344 0.14088 -0.05384 0.22464 -0.1065 0.01114 0.00516 0.07291 -0.13394
0 -0.15495 -0.14677 -0.25733 -0.12212 -0.04519 -0.1064 -0.04592 -0.13401 0.0227 0.12817 0.05721 0.18228 -0.02557 -0.05827 0.03965 0.04465 -0.18312 0.31728 -0.02922 0.08751
0 0.45021 -0.08124 0.16708 0.08347 0.01516 0.03962 0.14637 -0.05901 0.01068 0.0917 -0.01637 -0.00661 -0.20505 -0.02765 0.14742 0.09486 -0.05067 -0.07503 -0.07696 -0.04312
1 -0.35764 0.20495 0.10891 0.17089 0.47248 -0.01944 0.11359 0.06125 -0.07839 0.23454 -0.05371 0.00488 0.18523 -0.06161 0.1408 -0.11435 -0.00079 0.05502 -0.05097 -0.09071
0 -0.24057 -0.27224 -0.23777 -0.16592 -0.15239 -0.21656 0.105 -0.10106 -0.13193 0.19149 0.0166 -0.06656 -0.0719 0.16559 -0.0525 -0.15668 -0.03303 -0.0082 -0.00591 0.00298
1 -0.13662 -0.05193 -0.11435 -0.01505 0.0705 -0.16674 -0.11753 -0.02514 -0.09785 0.1341 0.06249 0.16636 -0.01424 -0.04373 0.01722 0.07415 -0.04807 0.12774 0.04662 -0.07706
0 -0.0668 0.21296 0.12753 -0.05664 0.1256 -0.19772 0.02853 0.16815 0.1973 0.07962 0.03291 -0.00182 0.11426 0.07999 0.18002 0.00353 -0.05733 -0.12674 -0.02309 -0.09251
1 -0.2702 -0.31722 -0.09641 -0.09596 -0.15234 -0.13944 0.16007 -0.02303 0.00025 -0.00541 0.06044 -0.11304 0.02639 -0.14167 -0.10432 -0.05256 0.0626 0.06272 -0.09649 -0.04832
1 0.14107 -0.02503 -0.11878 -0.34895 -0.1011 0.13995 0.12099 -0.00519 -0.0352 -0.1047 0.07596 0.31573 0.20477 -0.01002 0.20349 -0.14922 -0.15235 -0.24015 -0.16916 -0.04587
0 0.35571 -0.11969 0.03521 -0.38084 0.15068 0.21387 -0.00325 0.0489 -0.08745 0.02392 0.01909 0.06051 -0.05117 0.02682 -0.01689 0.07367 -0.06594 -0.09736 -0.11315 -0.12926
0 -0.32347 -0.33079 -0.16121 -0.20525 -0.21956 -0.30757 0.23587 -0.03918 -0.28717 0.20803 0.03028 -0.22547 -0.08182 0.30932 -0.03475 -0.1915 -0.02249 -0.083 0.03541 0.00419
1 -0.40364 -0.3437 0.25381 0.03445 -0.00519 0.00361 0.09146 0.13219 0.22909 -0.21105 0.11538 -0.21171 -0.00683 -0.15916 -0.18408 -0.09907 0.05512 0.069 -0.17663 0.01402
1 -0.23826 0.08654 0.14265 0.15033 0.43372 0.04529 0.04053 -0.0772 0.00181 0.20424 -0.00091 -0.07456 0.27828 -0.08852 -0.03205 0.00962 -0.02816 -0.10696 0.11428 0.11469
1 0.1878 0.03402 -0.04645 -0.06835 -0.24834 0.05398 0.26616 -0.09108 0.03989 -0.08388 0.04357 0.28361 0.16733 -0.05391 0.31532 -0.16448 -0.13817 -0.19212 -0.12228 0.00073
1 -0.34472 0.22962 0.0496 0.18043 0.47248 -0.0317 0.08121 0.14758 0.03556 0.31962 -0.06564 -0.01038 0.17242 -0.00469 0.08947 -0.05682 -0.0655 0.02837 -0.08966 -0.12696
1 -0.25054 0.34052 -0.07272 0.14835 0.05336 0.25119 0.03193 -0.0775 -0.13445 0.01175 -0.06766 -0.08466 0.09537 -0.07429 -0.10612 0.04956 0.00614 -0.07302 0.05792 0.1568
1 -0.26115 -0.12285 0.37167 0.13361 0.30664 0.18899 -0.04633 -0.22876 0.0378 -0.16281 0.16437 -0.05101 0.01074 0.11888 0.03966 -0.05535 0.0778 0.05371 -0.103 0.08793
0 -0.3051 -0.29598 0.05629 -0.02689 -0.03866 -0.17583 0.16754 0.06049 -0.07792 -0.10168 0.09132 -0.10085 0.12987 -0.2292 -0.02455 0.33662 0.11356 -0.04132 -0.1266 -0.01976
1 -0.35126 0.23232 0.07205 0.18432 0.48476 -0.02523 0.09064 0.12528 0.0014 0.29985 -0.06627 -0.00541 0.17764 -0.01661 0.10946 -0.07631 -0.04663 0.03692 -0.08213 -0.12155
0 -0.33597 -0.35771 -0.14221 -0.20187 -0.20169 -0.30171 0.2162 -0.05495 -0.2581 0.177 0.01101 -0.224 -0.09757 0.32198 -0.04695 -0.17959 -0.00538 -0.05649 -0.01931 0.02765
0 0.31228 0.05156 -0.0481 0.18828 -0.28736 0.08932 0.27471 -0.22335 0.1225 0.01217 -0.15118 0.09297 0.21219 0.07149 -0.00763 -0.00769 -0.02365 0.04975 -0.06673 -0.15526
1 0.17514 0.25081 0.18446 -0.25357 0.04484 -0.2618 -0.15532 -0.30726 -0.00632 0.02052 0.04617 -0.11512 -0.2158 -0.23551 0.04373 -0.0164 -0.13281 0.07312 -0.08432 -0.1027
0 0.13463 0.16162 0.22463 -0.04911 -0.10661 -0.18209 -0.02114 0.40564 0.09899 -0.03579 0.2952 0.0165 -0.02406 0.02794 0.06344 0.01009 0.10395 0.07356 0.13318 0.07503
0 -0.18762 -0.16779 -0.32134 -0.08977 -0.1248 -0.01012 -0.22191 -0.15499 0.16066 0.31422 0.05944 0.29067 -0.11349 -0.15683 0.04659 -0.05616 0.48154 -0.07986 -0.07948 -0.16249
0 -0.21068 -0.15082 -0.33109 -0.01347 -0.19779 0.12017 -0.29346 -0.12515 0.2103 0.32531 0.08971 0.17989 -0.08869 -0.15731 0.0375 -0.04797 0.41754 -0.12211 -0.05593 -0.08737
1 0.11312 0.43687 0.26964 -0.05048 -0.31026 -0.00945 -0.02336 -0.0642 -0.15631 -0.01944 0.06702 0.15422 0.13299 -0.00403 -0.19126 -0.05376 -0.05918 -0.04483 -0.06508 0.02541
0 0.35218 0.07993 -0.03541 0.24449 -0.28814 0.09931 0.24155 -0.24285 0.132 0.05669 -0.19265 0.02186 0.19708 0.04543 -0.14975 0.00079 -0.02456 0.05735 -0.01334 -0.07775
1 -0.24574 -0.28213 -0.10569 0.01888 -0.03605 0.01481 -0.15225 -0.05014 0.32808 0.16156 -0.00688 0.16973 -0.0598 -0.17652 -0.23837 -0.15857 0.12503 -0.13478 -0.08446 0.24163
1 -0.39682 -0.30202 0.35168 0.06465 -0.00944 0.06789 -0.21988 0.0813 0.11123 -0.02306 -0.32765 0.2281 -0.12823 0.18493 0.0248 -0.04478 -0.09988 -0.00744 0.06414 0.02432
0 0.34084 0.08697 -0.06958 0.25037 -0.29437 0.08483 0.22945 -0.17521 0.22197 0.07745 -0.18837 0.01604 0.17926 0.14408 -0.14985 0.07251 -0.02781 0.06063 -0.09383 -0.10682
1 -0.30228 0.54564 -0.21981 0.12576 0.18643 0.1321 0.16364 0.04232 -0.12008 -0.0664 -0.10367 0.0402 -0.17535 0.02294 -0.08641 0.03412 0.05837 0.02112 -0.06849 0.03472
1 -0.31613 0.42789 -0.26627 0.05038 0.0977 0.04874 0.25345 0.19291 0.00266 -0.18585 0.01399 0.0355 -0.21838 -0.04971 -0.02774 0.03046 0.04422 0.01629 0.05643 0.03515
1 -0.3504 0.39376 -0.23564 0.11054 0.07285 0.11534 0.15541 0.25519 -0.01966 -0.01452 -0.04949 0.04673 -0.16626 0.0248 0.06577 0.03658 -0.00654 0.02485 -0.1058 -0.09054
1 -0.1582 -0.09749 -0.31191 -0.05726 -0.07248 0.04753 -0.13667 -0.10241 0.11139 0.16881 0.08898 0.13438 -0.05347 0.02428 0.006 0.0859 0.10692 -0.00101 -0.02088 -0.03479
0 0.49638 -0.08773 -0.0463 0.37303 -0.03968 -0.00316 0.06341 0.01723 0.13186 0.07799 -0.10603 -0.09466 -0.00273 0.14134 -0.06355 0.0522 0.10317 0.08714 0.03912 -0.04051
0 0.47459 -0.16082 -0.08239 -0.40461 0.17092 0.27964 -0.05876 0.0828 -0.13461 -0.04002 -0.16107 -0.08017 0.09366 -0.0327 -0.08974 -0.07356 0.07276 0.06165 0.04749 0.00258
0 0.28301 -0.18149 -0.16891 -0.35707 0.06002 0.12562 0.03838 0.24452 0.08578 -0.10135 0.01812 -0.06367 0.11616 -0.05804 0.01459 0.00092 0.05707 0.1571 0.07101 0.14211
1 -0.34293 -0.13592 0.23985 0.05801 0.01891 0.03933 0.18066 -0.04588 -0.16593 -0.07119 -5e-05 -0.09461 0.24844 -0.20065 0.05942 0.13201 0.10986 -0.03418 0.01933 0.02376
0 0.48372 -0.15844 -0.08635 -0.40583 0.17058 0.2799 -0.05996 0.10542 -0.11229 -0.03979 -0.15933 -0.08336 0.09333 -0.00561 -0.08638 -0.05797 0.07557 0.06092 0.02787 0.00083
0 0.22806 0.23378 0.38786 0.00458 -0.01782 -0.08974 -0.1573 0.08982 -0.21103 0.06713 0.15275 0.06066 -0.0101 0.00606 -0.02748 -0.0822 0.13564 0.06895 0.14801 0.05875
1 0.43905 -0.13283 0.05061 0.28346 0.019 0.00541 0.10899 -0.18409 0.0053 0.12178 -0.11383 -0.10054 -0.12367 -0.10909 -0.07541 0.04414 -0.01554 0.01275 0.09291 0.00845
1 0.49164 -0.04981 0.1553 0.14962 0.03407 0.01557 0.08344 0.02033 0.1205 0.17834 -0.04297 -0.09703 -0.26613 0.04259 -0.0045 0.17739 -0.07798 -0.07134 -0.1074 0.0428
0 0.23003 -0.22993 -0.33525 0.33024 0.06325 -0.2241 -0.22005 0.18903 -0.03459 -0.18944 0.1046 0.07213 0.04439 0.07299 0.06554 0.02133 -0.06723 -0.06619 -0.16798 -0.01658
0 0.42639 -0.16351 -0.0885 -0.40522 0.15344 0.26488 -0.03653 0.06439 -0.14957 -0.06906 -0.12137 -0.0169 0.0879 -0.04135 0.00113 -0.14326 0.06381 0.01698 0.03118 0.00493
0 -0.15392 -0.14836 -0.27343 -0.12766 -0.03683 -0.10816 -0.0617 -0.14849 0.02943 0.14123 0.06479 0.20787 -0.03602 -0.05903 0.05684 0.05642 -0.23184 0.41441 -0.03596 0.12772
1 -0.23445 0.01548 -0.07574 0.06971 0.289 -0.03732 0.00634 0.10753 0.29551 0.26676 0.08442 -0.0219 0.16766 -0.10479 -0.19806 -0.00906 -0.19045 -0.21523 0.1353 0.30812
1 -0.36106 -0.26 0.4277 0.15915 0.17693 0.19521 -0.10673 -0.1433 0.05448 -0.15148 -0.01433 -0.01701 0.03946 0.10456 0.05128 -0.05906 0.08022 0.04159 -0.12171 0.16777
1 0.36297 -0.14551 -0.17977 -0.36486 0.09633 0.1709 -0.02206 0.26887 0.12806 -0.05487 -0.03756 -0.00117 0.10476 0.16567 0.08477 0.0785 0.04366 0.00878 -0.13559 0.02697
0 -0.15787 -0.15178 -0.28275 -0.12858 -0.03954 -0.10956 -0.06623 -0.15575 0.03143 0.15053 0.06205 0.21894 -0.03287 -0.06001 0.05393 0.06139 -0.25177 0.44983 -0.04176 0.13997
0 0.31837 -0.24865 -0.31343 0.45571 0.11883 -0.22582 -0.30283 0.10874 -0.18351 -0.19144 0.03173 0.01466 0.04339 0.01742 -0.06576 -0.02371 -0.05756 -0.07308 -0.09436 -0.05598
1 0.03534 -0.07285 -0.22714 -0.33605 0.13012 -0.05066 -0.10305 0.01087 0.17439 -0.00578 -0.04959 -0.03914 0.09955 0.07492 0.12356 0.06789 -0.05927 -0.00717 -0.03179 -0.03113
1 0.20221 -0.09322 -0.16006 -0.42797 0.1398 0.08125 -0.16848 -0.03716 -0.0433 0.0292 -0.14099 -0.10697 0.0582 -0.06448 -0.11887 0.03006 -0.01336 0.15587 0.03214 -0.01644
1 -0.25778 -0.28913 -0.1932 -0.17054 -0.12011 -0.23549 0.09321 -0.17452 -0.24893 0.15856 -0.00233 -0.0064 -0.02113 0.24086 0.08674 0.20762 0.07106 -0.02614 -0.06152 0.19886
0 0.51267 -0.11018 0.01165 0.34311 -0.03049 0.02819 0.10984 -0.0875 -0.03156 -0.00567 -0.09238 -0.05792 0.01371 -0.01941 0.02331 -0.1252 0.12831 0.08182 0.17312 -0.00858
1 0.48154 -0.04886 0.143 0.14746 0.02995 0.00989 0.08142 0.0374 0.14087 0.18003 -0.03757 -0.09424 -0.26383 0.06173 -0.0012 0.18811 -0.07933 -0.07134 -0.12297 0.04163
0 0.30971 -0.25899 -0.28319 0.42786 0.12118 -0.20717 -0.27495 0.04538 -0.26657 -0.22296 0.03175 0.02919 0.05389 -0.06815 -0.03106 -0.09863 -0.03867 -0.06763 -0.01277 -0.04204
0 0.25264 0.02493 -0.11435 0.1445 -0.31837 0.01741 0.32478 -0.00488 0.29042 -0.07211 -0.0167 0.05198 0.18507 0.00953 0.04172 -0.00721 -0.0322 0.06964 -0.00364 0.00543
1 -0.44824 -0.38212 0.23041 -0.05904 -0.18843 -0.0872 0.039 0.22114 0.12886 -0.1178 -0.18357 -0.02512 -0.12744 -0.10107 -0.1788 -0.10593 -0.11611 0.00049 0.05709 -0.18879
0 -0.10623 -0.16067 0.02133 -0.00897 0.35491 0.2213 0.05943 -0.37012 0.10075 -0.16771 0.41104 0.04549 -0.03917 0.19551 -0.12067 0.02302 -0.03947 -0.02513 0.17257 -0.21931
0 -0.30067 -0.34606 -0.07292 -0.08799 -0.17063 -0.10364 -0.01749 0.00961 0.14403 0.04545 -0.13519 0.11079 -0.11866 -0.1511 -0.1997 -0.12914 0.01406 -0.01738 -0.00979 -0.07927
0 0.44843 -0.08903 0.19319 0.05949 0.03482 0.05515 0.14184 -0.12301 -0.09657 0.03915 0.00399 0.01516 -0.23666 -0.14828 0.18092 -0.09664 -0.04642 -0.10575 0.02353 0.08321
1 -0.23135 0.26292 -0.34182 -0.0562 0.13765 0.05589 0.22503 0.04071 0.04945 -0.21599 0.09068 0.14553 -0.23987 0.04325 -0.12204 0.10706 0.03797 -0.01838 0.17898 0.04657
1 -0.21778 0.33832 -0.31162 -0.01183 0.20213 0.11527 0.16686 -0.0738 -0.0405 -0.13845 0.00818 0.1412 -0.21504 0.09281 -0.18258 0.10737 0.04873 -0.02138 0.10278 0.025
1 -0.39751 -0.35007 0.18137 -0.03536 -0.05506 -0.09154 0.19961 0.1074 0.12202 -0.18256 0.11033 -0.2661 0.04632 -0.23007 -0.18903 -0.03409 0.08109 0.08859 -0.18081 -0.06762
1 -0.24621 -0.27491 -0.15592 -0.05658 -0.0921 -0.04648 -0.16966 -0.05494 0.25939 0.18624 -0.10533 0.28853 -0.13752 -0.16728 -0.19033 -0.17855 0.14568 -0.11182 -0.03323 0.1164
0 -0.10469 -0.15652 -0.01037 -0.02247 0.30749 0.19148 0.06246 -0.32089 0.12159 -0.1499 0.38359 0.066 -0.03539 0.2311 -0.07338 0.08227 -0.03729 -0.00999 0.10431 -0.28898
1 0.38664 -0.07184 0.05348 0.06066 -0.0208 -0.02678 0.14648 0.16937 0.2401 0.06407 0.08357 0.01318 -0.20593 0.0946 0.22038 0.15145 -0.08256 -0.11824 -0.17968 0.06564
1 -0.36145 0.22528 -0.1419 0.02064 -0.05179 0.00215 0.12091 0.3125 -0.0692 -0.00277 -0.05884 0.06944 -0.15651 -0.07088 0.01621 -0.02376 -0.09224 0.0391 0.09871 -0.1689
0 -0.12457 0.40999 -0.13861 -0.16727 -0.08424 -0.26828 -0.04695 0.0493 0.21519 -0.26444 -0.08479 -0.12476 0.02238 0.00011 0.11548 -0.01252 0.04603 -0.06247 0.11793 0.05843
0 0.31726 -0.25871 -0.28989 0.4376 0.12096 -0.21239 -0.28016 0.06328 -0.25107 -0.22508 0.03544 0.02808 0.05216 -0.04903 -0.03034 -0.09034 -0.04113 -0.0688 -0.03182 -0.04464
0 -0.20823 -0.18052 -0.32189 -0.07218 -0.16574 0.02809 -0.26474 -0.14143 0.19683 0.33812 0.05008 0.29022 -0.13105 -0.1905 0.02927 -0.08951 0.50018 -0.11871 -0.0605 -0.15428
1 -0.3122 0.10449 -0.097 0.13886 -0.37139 0.50039 -0.2814 -0.06826 -0.09827 0.00852 0.0847 -0.2371 0.03503 -0.02568 0.15977 0.00688 -0.07871 -0.01317 0.06115 0.05265
1 -0.30634 0.12292 -0.15775 0.14939 -0.38036 0.49846 -0.32465 -0.00935 0.00515 0.0943 0.08552 -0.24289 -0.00032 0.01619 0.12382 0.0719 -0.06623 -0.03309 0.01343 -0.01148
1 -0.3106 0.12573 -0.14025 0.15285 -0.38473 0.5138 -0.32109 -0.02442 -0.02397 0.07085 0.08566 -0.24721 0.00765 0.00978 0.13881 0.05488 -0.07114 -0.02963 0.02562 0.00522
0 -0.31756 -0.32902 -0.12241 -0.16861 -0.14301 -0.24889 0.2414 -0.08497 -0.19928 0.10418 0.13425 -0.28498 -0.02959 0.21753 -0.04056 -0.16597 0.08228 0.00365 -0.15495 0.09805
0 0.30461 -0.24248 -0.32041 0.44614 0.11239 -0.22807 -0.30222 0.12243 -0.14907 -0.16987 0.03195 0.011 0.04036 0.03916 -0.07884 0.00574 -0.06407 -0.06908 -0.11467 -0.05493
1 -0.2856 0.45301 -0.17713 0.07798 0.15795 0.11997 0.18251 -0.05781 -0.22748 -0.14522 -0.06256 0.09808 -0.15879 -0.05754 0.00335 -0.09675 0.09888 0.04375 -0.0291 0.0916
1 0.17977 0.25992 0.18399 -0.25322 0.04457 -0.26825 -0.15756 -0.28931 0.01614 0.02168 0.04793 -0.12017 -0.22112 -0.21203 0.04817 -0.00408 -0.13275 0.06933 -0.09901 -0.10765
0 0.31422 -0.25372 -0.30219 0.45124 0.1248 -0.2202 -0.30121 0.07389 -0.22158 -0.1894 0.02317 0.01053 0.05069 -0.03223 -0.08442 -0.04012 -0.05777 -0.07667 -0.04768 -0.04337
1 0.40656 -0.16831 -0.04966 -0.35706 0.18177 0.2206 -0.04995 -0.02299 -0.09336 0.07229 -0.15854 -0.11551 -0.04876 -0.10419 -0.16289 0.06438 -0.05611 0.02503 -0.00457 -0.00709
0 0.47984 -0.15975 -0.08408 -0.40593 0.17097 0.28038 -0.05906 0.09414 -0.12417 -0.04066 -0.16006 -0.0813 0.0936 -0.01951 -0.08706 -0.06715 0.07434 0.0607 0.03776 0.00176
0 0.36676 -0.16975 -0.16705 -0.38795 0.08793 0.1691 0.01937 0.2907 0.10939 -0.10347 -0.00719 -0.054 0.12359 0.02861 0.04273 0.02773 0.05975 0.09643 -0.00024 0.11574
1 -0.33908 -0.06628 -0.12012 0.00131 -0.38311 0.22154 -0.20357 0.15477 0.03656 0.04883 0.01916 -0.08808 -0.09801 -0.07682 0.09251 -0.03523 -0.14523 -0.03814 0.18424 -0.19188
0 0.34919 0.06846 -0.01459 0.21625 -0.28771 0.10672 0.26987 -0.2714 0.06237 0.00393 -0.1678 0.05905 0.20066 -0.01665 -0.07042 -0.0931 -0.01746 0.04692 0.02328 -0.06293
0 0.2251 0.26505 0.31175 0.04299 -0.01797 -0.11925 -0.20722 0.23245 -0.01064 0.16535 0.14152 0.00886 -0.03757 0.19176 -0.09972 0.08597 0.10672 0.06607 0.01942 0.00889
1 -0.35528 0.19366 0.113 0.16615 0.46565 -0.01744 0.11259 0.03838 -0.0979 0.22542 -0.05335 0.00732 0.19329 -0.07711 0.13997 -0.11259 0.00741 0.05637 -0.03635 -0.07789
1 -0.30394 -0.04452 0.18712 0.1681 0.31238 0.05885 -0.00318 -0.01802 0.00607 0.21873 -0.08682 -0.04841 0.31259 -0.10675 -0.01306 0.01794 -0.0224 -0.1132 0.08364 0.15801
0 0.25623 -0.07585 0.03082 -0.03681 -0.18179 -0.04767 0.30634 0.16373 0.12813 -0.09169 0.16114 -0.00152 0.02382 -0.17774 0.21544 -0.06161 0.02342 0.0653 0.13501 0.11664
1 -0.34601 -0.26072 0.38846 0.12393 0.15966 0.17785 -0.08859 -0.16848 0.01641 -0.18198 0.0026 0.02412 0.01207 0.13621 0.11534 -0.10162 0.08857 0.0533 -0.12685 0.17578
1 0.10895 0.42323 0.27199 -0.05402 -0.30398 -0.00706 -0.0217 -0.08989 -0.18378 -0.02289 0.06412 0.15705 0.13943 -0.03505 -0.18931 -0.0673 -0.05681 -0.04159 -0.04388 0.03506
0 0.40045 -0.1191 0.07474 -0.4029 0.1857 0.24335 -0.02356 0.01183 -0.1591 0.02086 0.0048 0.02367 -0.07913 -0.06963 -0.08776 -0.00832 -0.0717 -0.09842 -0.02232 -0.04365
0 -0.41535 -0.36553 0.29227 -0.04884 -0.14335 -0.05937 0.01706 0.01495 -0.12138 -0.12364 -0.25225 0.10743 -0.00101 -0.01368 0.03586 0.18186 -0.01427 -0.00908 0.12164 -0.09189
0 0.1115 0.44149 0.2485 -0.02828 -0.29877 -0.01374 -0.05839 -0.04849 -0.10463 0.03798 0.04408 0.11453 0.13531 0.03017 -0.26303 0.0265 -0.06878 -0.03441 -0.07714 0.01874
1 -0.30966 0.11506 -0.12127 0.14985 -0.37445 0.5075 -0.31291 -0.05352 -0.05534 0.06164 0.0803 -0.24836 0.03321 -0.02092 0.12642 0.04823 -0.07181 -0.02843 0.05186 0.03929
0 0.45444 -0.11099 -0.02166 0.29408 -0.0522 0.01864 0.1276 -0.05668 0.03056 0.00426 -0.07772 -0.01328 0.03842 0.06778 0.08554 -0.02767 0.11216 0.08782 0.06751 -0.11086
0 -0.01867 0.47313 -0.09866 -0.20117 -0.00191 -0.23816 -0.12065 -0.27761 0.05854 -0.26861 -0.20988 -0.11969 0.01757 -0.03885 0.00787 -0.08007 0.06955 -0.07853 0.07367 0.09854
0 -0.32261 -0.29781 0.03599 -0.08327 -0.10453 -0.19688 0.08993 -0.02253 -0.28937 0.00691 -0.13685 0.09909 0.14479 -0.11512 0.1076 0.50272 0.08166 -0.10096 0.16342 -0.07554
1 0.02661 0.40165 0.09928 -0.15304 -0.16257 -0.20012 -0.17455 -0.22981 -0.03823 -0.02572 -0.05317 -0.03728 0.08185 -0.0896 -0.16797 0.00318 -0.06267 0.05062 -0.03895 -0.01121
0 -0.02432 0.10648 0.18475 -0.10007 -0.20691 -0.19949 0.14723 0.27532 -0.00967 -0.07933 0.2873 0.04139 0.02202 -0.14783 0.07277 -0.0563 0.05754 0.09875 0.19179 -0.02713
1 -0.02776 0.48113 -0.15211 -0.17974 -0.00157 -0.26093 -0.14398 -0.17165 0.20436 -0.21955 -0.22566 -0.15411 0.00454 0.10568 -0.01262 0.05291 0.05685 -0.09632 0.00899 0.05795
0 -0.06709 0.29422 0.07605 -0.10522 0.27474 -0.34572 -0.20876 -0.06083 0.17963 0.12177 -0.1179 -0.20494 0.1425 0.01525 0.20512 -0.04879 -0.01073 -0.00874 0.03795 -0.15776
1 -0.05191 0.40249 -0.20727 -0.20344 -0.03017 -0.2632 -0.07111 -0.05136 0.27638 -0.27993 -0.13703 -0.07348 -0.01632 0.13678 0.13512 0.05677 0.0586 -0.13151 0.0146 0.06439
0 0.51287 -0.07324 0.21994 0.1126 0.04184 0.04946 0.13153 -0.08516 -0.03715 0.09617 -0.02655 -0.0556 -0.26058 -0.1146 0.08596 0.01218 -0.05618 -0.08653 0.00414 0.06978
0 0.1052 0.446 0.20083 -0.01655 -0.29828 -0.02565 -0.06798 0.03524 0.00192 0.06293 0.0445 0.09885 0.1043 0.14005 -0.25464 0.09393 -0.07249 -0.0365 -0.15044 -0.02235
0 0.09246 0.37193 0.21078 -0.06009 -0.29676 -0.01809 0.00179 -0.03944 -0.09945 -0.01209 0.06646 0.17908 0.1465 0.06069 -0.11303 0.02816 -0.0565 -0.04345 -0.12232 -0.07309
0 0.51224 -0.05333 0.18197 0.14479 0.03956 0.02898 0.09711 -0.01027 0.07514 0.15701 -0.04205 -0.08765 -0.2726 0.00286 0.023 0.13191 -0.0726 -0.08035 -0.07995 0.04853
0 0.35867 -0.12644 0.05593 -0.40596 0.16729 0.23293 -0.00477 -0.00433 -0.17464 -0.01558 0.03221 0.08008 -0.07362 -0.07246 0.0033 -0.08359 -0.07042 -0.12875 -0.03633 -0.03806
0 -0.07105 -0.12886 -0.24186 -0.20129 0.00188 -0.05853 -0.08068 -0.07725 0.05485 0.09463 -0.00647 0.04192 0.02289 -0.06982 -0.06746 0.06849 -0.08922 0.19999 0.04722 0.08749
0 0.3331 0.08532 -0.07803 0.24644 -0.29319 0.07965 0.22564 -0.15994 0.23763 0.07988 -0.18289 0.01729 0.17491 0.15829 -0.14529 0.08341 -0.02886 0.05933 -0.10643 -0.10778
0 0.5063 -0.06351 0.19669 0.13893 0.04849 0.03607 0.09558 -0.06624 0.01234 0.15408 -0.05268 -0.09283 -0.25572 -0.07883 -0.00563 0.10031 -0.07122 -0.07522 -0.00957 0.06887
1 -0.07133 0.28413 0.04716 -0.10052 0.26265 -0.34528 -0.20826 -0.02401 0.22082 0.1393 -0.11337 -0.2036 0.13706 0.04974 0.19031 -0.01578 -0.02328 -0.01461 0.01799 -0.16058
0 0.48625 -0.08651 -0.05539 0.36702 -0.04269 -0.00812 0.06141 0.03247 0.151 0.08108 -0.1001 -0.09138 -0.0043 0.1576 -0.05985 0.06509 0.09941 0.08528 0.02119 -0.04082
0 0.26831 -0.25577 -0.22345 0.358 0.13982 -0.19857 -0.21856 -0.02005 -0.20119 -0.0866 0.00463 -0.00411 -0.02693 -0.12137 -0.09093 0.03046 -0.10588 -0.10357 -0.02512 -0.01487
0 0.08875 0.3693 0.23552 -0.08062 -0.2832 -0.00655 0.0043 -0.10191 -0.20355 -0.06279 0.08457 0.20536 0.11764 -0.04672 -0.08519 -0.14437 -0.05096 -0.06162 -0.04577 0.0518
0 0.10093 0.43975 0.18708 -0.01657 -0.29607 -0.02952 -0.06763 0.05163 0.02306 0.06606 0.04702 0.09716 0.09818 0.15618 -0.24735 0.10394 -0.07295 -0.03768 -0.16034 -0.02703
0 -0.29719 -0.3021 -0.18198 -0.17594 -0.17252 -0.29623 0.18153 -0.0403 -0.2847 0.19624 0.01638 -0.13241 -0.02155 0.2336 0.0192 0.04241 0.00741 -0.10978 0.05025 0.02462
1 -0.02003 0.50185 -0.13204 -0.1887 0.00101 -0.25903 -0.14275 -0.21209 0.16202 -0.24498 -0.23272 -0.15245 0.00759 0.0659 -0.00889 0.01132 0.06482 -0.09634 0.02785 0.07075
0 0.02474 0.14158 0.28191 -0.07056 -0.15102 -0.13213 0.06865 0.02657 -0.22497 -0.01427 0.18657 0.12374 0.09471 -0.19495 0.06173 -0.02135 0.08196 0.07274 0.20792 -0.04069
0 -0.32826 -0.32252 0.10151 -0.06621 -0.08535 -0.18237 0.05724 -0.02373 -0.24824 -0.01837 -0.17469 0.13566 0.1203 -0.12031 0.08984 0.54921 0.07173 -0.1013 0.12948 -0.06899
0 0.21928 0.26195 0.29629 0.04186 -0.02051 -0.12293 -0.20544 0.24838 0.01261 0.16787 0.14428 0.0088 -0.04104 0.20887 -0.09465 0.0969 0.10302 0.0632 0.00415 0.00502
0 0.40511 -0.11742 0.07418 -0.40407 0.18585 0.2438 -0.02364 0.0231 -0.14858 0.02117 0.00709 0.02323 -0.0813 -0.0568 -0.08564 -0.0024 -0.07167 -0.10055 -0.03235 -0.04494
1 -0.34164 0.2275 0.03893 0.1762 0.46372 -0.03506 0.07944 0.15861 0.0496 0.32062 -0.0629 -0.0095 0.1638 0.00384 0.08763 -0.05302 -0.07076 0.02632 -0.09612 -0.13058
0 -0.39949 -0.33392 0.25535 0.00848 -0.05553 -0.0157 0.14276 0.13036 0.20827 -0.21029 0.11407 -0.22493 0.00806 -0.21127 -0.20696 -0.05346 0.05415 0.06658 -0.19632 -0.02153
1 -0.38557 -0.31666 0.33249 0.03173 -0.02443 0.04262 -0.163 0.03378 0.03317 -0.07509 -0.31025 0.23091 -0.09429 0.19093 0.0915 0.03981 -0.0791 0.01597 0.0673 -0.03329
0 0.32071 -0.05592 0.11578 -0.00469 -0.12947 0.02739 0.25266 -0.0775 -0.08919 -0.02463 0.03845 0.04649 0.0516 -0.23875 0.17877 -0.07181 0.03747 0.01338 0.18059 0.03808
1 0.21439 -0.09207 -0.07812 -0.39434 0.00127 0.15808 0.09706 0.071 -0.05791 -0.08187 0.10386 0.26804 0.14746 -0.01833 0.25315 -0.14568 -0.09856 -0.21376 -0.12413 -0.04738
0 -0.11049 -0.03356 -0.10929 0.01263 0.39262 0.10983 0.09162 -0.22485 0.06969 0.08375 0.19743 0.03041 0.13172 0.03084 -0.17363 0.0698 -0.11073 -0.1266 0.30734 -0.06511
0 0.51093 -0.10027 -0.01059 0.37007 -0.02623 0.01503 0.07538 -0.06019 0.02989 0.05327 -0.11552 -0.0929 0.01175 0.03014 -0.0644 -0.02881 0.11219 0.08424 0.14017 -0.01399
0 -0.36976 -0.29644 0.32592 0.028 -0.01368 0.0551 0.10606 -0.12041 -0.0807 -0.20246 0.02879 -0.09404 0.13423 -0.11868 0.03367 0.15294 0.13791 0.04638 -0.1033 0.02415
1 -0.39802 -0.33369 0.35873 0.028 -0.01602 0.05107 -0.16475 -0.00849 -0.01128 -0.10832 -0.31343 0.24284 -0.11338 0.19627 0.11095 -0.05876 -0.06524 0.0159 0.08738 0.07595
1 -0.41687 -0.34044 0.39857 0.05033 -0.01304 0.06169 -0.18613 0.02173 0.01841 -0.0897 -0.34571 0.23194 -0.10436 0.17221 0.06548 -0.03067 -0.07566 0.00533 0.1016 0.05742
0 0.38551 -0.1345 -0.09424 0.24279 -0.10285 -0.06161 0.18575 0.18023 0.2255 -0.0838 0.07823 -0.04519 0.03765 -0.00032 0.12184 -0.02084 0.08567 0.11058 0.09659 0.09098
1 -0.43843 -0.37422 0.28073 -0.01133 -0.11449 -0.04192 -0.0643 0.22068 0.16956 -0.10114 -0.23305 0.09012 -0.15948 0.0216 -0.09354 -0.10111 -0.10652 -0.01426 0.06207 -0.10833
0 0.23691 0.26946 0.34453 0.0369 -0.0161 -0.11113 -0.20092 0.20434 -0.06214 0.14082 0.14637 0.02279 -0.03531 0.15742 -0.0788 0.0416 0.11815 0.06532 0.04738 0.0192
1 -0.41252 -0.31583 0.24646 0.01435 -0.06336 0.01072 0.13346 0.13335 0.22046 -0.20386 0.11349 -0.23961 0.00577 -0.20594 -0.19772 -0.08974 0.02962 0.05921 -0.18021 -0.02601
1 -0.4179 -0.33776 0.39878 0.05323 -0.01454 0.06331 -0.19187 0.03853 0.03841 -0.084 -0.34557 0.23227 -0.11593 0.18202 0.05979 -0.04321 -0.08273 0.0037 0.09217 0.04855
0 -0.28376 -0.27701 0.11738 0.0068 0.02387 -0.12245 0.10752 -0.09782 -0.2247 -0.08135 0.01092 0.00202 0.21669 -0.2209 0.07743 0.50643 0.16237 -0.07198 -0.05387 0.01731
0 -0.07375 -0.14876 -0.28578 -0.03278 -0.06094 -0.10162 -0.03111 -0.06728 0.0593 0.01322 0.07111 0.16492 0.0667 -0.022 0.11482 -0.01928 -0.11014 0.42318 0.04319 0.0944
1 -0.32892 0.04424 -0.16712 0.07698 -0.39179 0.36974 -0.17752 0.11361 0.06523 -0.02385 0.14778 -0.24606 -0.03367 -0.09201 0.12283 0.00161 -0.08332 -0.01557 0.08193 -0.0608
